0	0.0000E+00
2000	2.0275E-21
4000	3.2926E-21
6000	4.3712E-21
8000	5.3431E-21
10000	6.2419E-21
12000	7.0858E-21
14000	7.8860E-21
16000	8.6500E-21
18000	9.3832E-21
20000	1.0090E-20
22000	1.0772E-20
24000	1.1434E-20
26000	1.2076E-20
28000	1.2701E-20
30000	1.3309E-20
32000	1.3902E-20
34000	1.4481E-20
36000	1.5047E-20
38000	1.5600E-20
40000	1.6141E-20
42000	1.6671E-20
44000	1.7190E-20
46000	1.7699E-20
48000	1.8198E-20
50000	1.8688E-20
52000	1.9168E-20
54000	1.9640E-20
56000	2.0103E-20
58000	2.0557E-20
60000	2.1004E-20
62000	2.1443E-20
64000	2.1874E-20
66000	2.2298E-20
68000	2.2715E-20
70000	2.3125E-20
72000	2.3528E-20
74000	2.3924E-20
76000	2.4314E-20
78000	2.4697E-20
80000	2.5075E-20
82000	2.5446E-20
84000	2.5811E-20
86000	2.6170E-20
88000	2.6524E-20
90000	2.6872E-20
92000	2.7215E-20
94000	2.7552E-20
96000	2.7884E-20
98000	2.8210E-20
100000	2.8532E-20
102000	2.8848E-20
104000	2.9160E-20
106000	2.9467E-20
108000	2.9769E-20
110000	3.0066E-20
112000	3.0359E-20
114000	3.0647E-20
116000	3.0930E-20
118000	3.1210E-20
120000	3.1485E-20
122000	3.1755E-20
124000	3.2022E-20
126000	3.2284E-20
128000	3.2542E-20
130000	3.2797E-20
132000	3.3047E-20
134000	3.3293E-20
136000	3.3536E-20
138000	3.3775E-20
140000	3.4010E-20
142000	3.4242E-20
144000	3.4469E-20
146000	3.4694E-20
148000	3.4914E-20
150000	3.5132E-20
152000	3.5346E-20
154000	3.5556E-20
156000	3.5764E-20
158000	3.5968E-20
160000	3.6168E-20
162000	3.6366E-20
164000	3.6560E-20
166000	3.6752E-20
168000	3.6940E-20
170000	3.7125E-20
172000	3.7308E-20
174000	3.7487E-20
176000	3.7664E-20
178000	3.7838E-20
180000	3.8009E-20
182000	3.8177E-20
184000	3.8342E-20
186000	3.8505E-20
188000	3.8665E-20
190000	3.8822E-20
192000	3.8977E-20
194000	3.9130E-20
196000	3.9279E-20
198000	3.9427E-20
200000	3.9572E-20
202000	3.9714E-20
204000	3.9854E-20
206000	3.9992E-20
208000	4.0127E-20
210000	4.0261E-20
212000	4.0391E-20
214000	4.0520E-20
216000	4.0647E-20
218000	4.0771E-20
220000	4.0893E-20
222000	4.1013E-20
224000	4.1131E-20
226000	4.1247E-20
228000	4.1361E-20
230000	4.1473E-20
232000	4.1583E-20
234000	4.1690E-20
236000	4.1797E-20
238000	4.1901E-20
240000	4.2003E-20
242000	4.2103E-20
244000	4.2202E-20
246000	4.2299E-20
248000	4.2394E-20
250000	4.2487E-20
252000	4.2578E-20
254000	4.2668E-20
256000	4.2756E-20
258000	4.2843E-20
260000	4.2928E-20
262000	4.3011E-20
264000	4.3093E-20
266000	4.3173E-20
268000	4.3251E-20
270000	4.3328E-20
272000	4.3404E-20
274000	4.3478E-20
276000	4.3550E-20
278000	4.3621E-20
280000	4.3691E-20
282000	4.3759E-20
284000	4.3826E-20
286000	4.3891E-20
288000	4.3955E-20
290000	4.4018E-20
292000	4.4079E-20
294000	4.4139E-20
296000	4.4198E-20
298000	4.4255E-20
300000	4.4311E-20
302000	4.4366E-20
304000	4.4420E-20
306000	4.4473E-20
308000	4.4524E-20
310000	4.4574E-20
312000	4.4623E-20
314000	4.4671E-20
316000	4.4718E-20
318000	4.4763E-20
320000	4.4808E-20
322000	4.4851E-20
324000	4.4894E-20
326000	4.4935E-20
328000	4.4975E-20
330000	4.5014E-20
332000	4.5053E-20
334000	4.5090E-20
336000	4.5126E-20
338000	4.5161E-20
340000	4.5196E-20
342000	4.5229E-20
344000	4.5261E-20
346000	4.5293E-20
348000	4.5323E-20
350000	4.5353E-20
352000	4.5381E-20
354000	4.5409E-20
356000	4.5436E-20
358000	4.5462E-20
360000	4.5488E-20
362000	4.5512E-20
364000	4.5536E-20
366000	4.5558E-20
368000	4.5580E-20
370000	4.5602E-20
372000	4.5622E-20
374000	4.5642E-20
376000	4.5661E-20
378000	4.5679E-20
380000	4.5696E-20
382000	4.5713E-20
384000	4.5729E-20
386000	4.5744E-20
388000	4.5758E-20
390000	4.5772E-20
392000	4.5785E-20
394000	4.5798E-20
396000	4.5810E-20
398000	4.5821E-20
400000	4.5831E-20
402000	4.5841E-20
404000	4.5851E-20
406000	4.5859E-20
408000	4.5867E-20
410000	4.5875E-20
412000	4.5881E-20
414000	4.5888E-20
416000	4.5893E-20
418000	4.5898E-20
420000	4.5903E-20
422000	4.5907E-20
424000	4.5910E-20
426000	4.5913E-20
428000	4.5915E-20
430000	4.5917E-20
432000	4.5918E-20
434000	4.5919E-20
436000	4.5919E-20
438000	4.5919E-20
440000	4.5918E-20
442000	4.5917E-20
444000	4.5915E-20
446000	4.5913E-20
448000	4.5910E-20
450000	4.5907E-20
452000	4.5903E-20
454000	4.5899E-20
456000	4.5895E-20
458000	4.5890E-20
460000	4.5884E-20
462000	4.5879E-20
464000	4.5872E-20
466000	4.5866E-20
468000	4.5859E-20
470000	4.5851E-20
472000	4.5843E-20
474000	4.5835E-20
476000	4.5827E-20
478000	4.5818E-20
480000	4.5808E-20
482000	4.5798E-20
484000	4.5788E-20
486000	4.5778E-20
488000	4.5767E-20
490000	4.5756E-20
492000	4.5744E-20
494000	4.5732E-20
496000	4.5720E-20
498000	4.5708E-20
500000	4.5695E-20
502000	4.5682E-20
504000	4.5668E-20
506000	4.5654E-20
508000	4.5640E-20
510000	4.5626E-20
512000	4.5611E-20
514000	4.5596E-20
516000	4.5581E-20
518000	4.5565E-20
520000	4.5549E-20
522000	4.5533E-20
524000	4.5516E-20
526000	4.5500E-20
528000	4.5483E-20
530000	4.5465E-20
532000	4.5448E-20
534000	4.5430E-20
536000	4.5412E-20
538000	4.5394E-20
540000	4.5375E-20
542000	4.5356E-20
544000	4.5337E-20
546000	4.5318E-20
548000	4.5299E-20
550000	4.5279E-20
552000	4.5259E-20
554000	4.5239E-20
556000	4.5218E-20
558000	4.5198E-20
560000	4.5177E-20
562000	4.5156E-20
564000	4.5135E-20
566000	4.5113E-20
568000	4.5092E-20
570000	4.5070E-20
572000	4.5048E-20
574000	4.5026E-20
576000	4.5003E-20
578000	4.4981E-20
580000	4.4958E-20
582000	4.4935E-20
584000	4.4912E-20
586000	4.4889E-20
588000	4.4865E-20
590000	4.4841E-20
592000	4.4818E-20
594000	4.4794E-20
596000	4.4769E-20
598000	4.4745E-20
600000	4.4721E-20
602000	4.4696E-20
604000	4.4671E-20
606000	4.4646E-20
608000	4.4621E-20
610000	4.4596E-20
612000	4.4571E-20
614000	4.4545E-20
616000	4.4520E-20
618000	4.4494E-20
620000	4.4468E-20
622000	4.4442E-20
624000	4.4416E-20
626000	4.4390E-20
628000	4.4363E-20
630000	4.4337E-20
632000	4.4310E-20
634000	4.4283E-20
636000	4.4256E-20
638000	4.4229E-20
640000	4.4202E-20
642000	4.4175E-20
644000	4.4148E-20
646000	4.4120E-20
648000	4.4093E-20
650000	4.4065E-20
652000	4.4037E-20
654000	4.4009E-20
656000	4.3981E-20
658000	4.3953E-20
660000	4.3925E-20
662000	4.3897E-20
664000	4.3868E-20
666000	4.3840E-20
668000	4.3812E-20
670000	4.3783E-20
672000	4.3754E-20
674000	4.3725E-20
676000	4.3697E-20
678000	4.3668E-20
680000	4.3639E-20
682000	4.3610E-20
684000	4.3580E-20
686000	4.3551E-20
688000	4.3522E-20
690000	4.3492E-20
692000	4.3463E-20
694000	4.3433E-20
696000	4.3404E-20
698000	4.3374E-20
700000	4.3344E-20
702000	4.3315E-20
704000	4.3285E-20
706000	4.3255E-20
708000	4.3225E-20
710000	4.3195E-20
712000	4.3165E-20
714000	4.3135E-20
716000	4.3104E-20
718000	4.3074E-20
720000	4.3044E-20
722000	4.3013E-20
724000	4.2983E-20
726000	4.2952E-20
728000	4.2922E-20
730000	4.2891E-20
732000	4.2861E-20
734000	4.2830E-20
736000	4.2799E-20
738000	4.2769E-20
740000	4.2738E-20
742000	4.2707E-20
744000	4.2676E-20
746000	4.2645E-20
748000	4.2614E-20
750000	4.2583E-20
752000	4.2552E-20
754000	4.2521E-20
756000	4.2490E-20
758000	4.2459E-20
760000	4.2428E-20
762000	4.2397E-20
764000	4.2366E-20
766000	4.2334E-20
768000	4.2303E-20
770000	4.2272E-20
772000	4.2241E-20
774000	4.2209E-20
776000	4.2178E-20
778000	4.2146E-20
780000	4.2115E-20
782000	4.2084E-20
784000	4.2052E-20
786000	4.2021E-20
788000	4.1989E-20
790000	4.1958E-20
792000	4.1926E-20
794000	4.1894E-20
796000	4.1863E-20
798000	4.1831E-20
800000	4.1800E-20
802000	4.1768E-20
804000	4.1736E-20
806000	4.1705E-20
808000	4.1673E-20
810000	4.1641E-20
812000	4.1610E-20
814000	4.1578E-20
816000	4.1546E-20
818000	4.1515E-20
820000	4.1483E-20
822000	4.1451E-20
824000	4.1419E-20
826000	4.1388E-20
828000	4.1356E-20
830000	4.1324E-20
832000	4.1292E-20
834000	4.1261E-20
836000	4.1229E-20
838000	4.1197E-20
840000	4.1165E-20
842000	4.1133E-20
844000	4.1102E-20
846000	4.1070E-20
848000	4.1038E-20
850000	4.1006E-20
852000	4.0974E-20
854000	4.0943E-20
856000	4.0911E-20
858000	4.0879E-20
860000	4.0847E-20
862000	4.0815E-20
864000	4.0784E-20
866000	4.0752E-20
868000	4.0720E-20
870000	4.0688E-20
872000	4.0657E-20
874000	4.0625E-20
876000	4.0593E-20
878000	4.0561E-20
880000	4.0530E-20
882000	4.0498E-20
884000	4.0466E-20
886000	4.0434E-20
888000	4.0403E-20
890000	4.0371E-20
892000	4.0339E-20
894000	4.0308E-20
896000	4.0276E-20
898000	4.0244E-20
900000	4.0213E-20
902000	4.0181E-20
904000	4.0149E-20
906000	4.0118E-20
908000	4.0086E-20
910000	4.0054E-20
912000	4.0023E-20
914000	3.9991E-20
916000	3.9960E-20
918000	3.9928E-20
920000	3.9897E-20
922000	3.9865E-20
924000	3.9834E-20
926000	3.9802E-20
928000	3.9771E-20
930000	3.9739E-20
932000	3.9708E-20
934000	3.9676E-20
936000	3.9645E-20
938000	3.9614E-20
940000	3.9582E-20
942000	3.9551E-20
944000	3.9519E-20
946000	3.9488E-20
948000	3.9457E-20
950000	3.9426E-20
952000	3.9394E-20
954000	3.9363E-20
956000	3.9332E-20
958000	3.9301E-20
960000	3.9269E-20
962000	3.9238E-20
964000	3.9207E-20
966000	3.9176E-20
968000	3.9145E-20
970000	3.9114E-20
972000	3.9083E-20
974000	3.9052E-20
976000	3.9021E-20
978000	3.8990E-20
980000	3.8959E-20
982000	3.8928E-20
984000	3.8897E-20
986000	3.8866E-20
988000	3.8835E-20
990000	3.8804E-20
992000	3.8773E-20
994000	3.8742E-20
996000	3.8712E-20
998000	3.8681E-20
1000000	3.8650E-20
1002000	3.8619E-20
1004000	3.8589E-20
1006000	3.8558E-20
1008000	3.8527E-20
1010000	3.8497E-20
1012000	3.8466E-20
1014000	3.8436E-20
1016000	3.8405E-20
1018000	3.8375E-20
1020000	3.8344E-20
1022000	3.8314E-20
1024000	3.8283E-20
1026000	3.8253E-20
1028000	3.8222E-20
1030000	3.8192E-20
1032000	3.8162E-20
1034000	3.8131E-20
1036000	3.8101E-20
1038000	3.8071E-20
1040000	3.8041E-20
1042000	3.8010E-20
1044000	3.7980E-20
1046000	3.7950E-20
1048000	3.7920E-20
1050000	3.7890E-20
1052000	3.7860E-20
1054000	3.7830E-20
1056000	3.7800E-20
1058000	3.7770E-20
1060000	3.7740E-20
1062000	3.7710E-20
1064000	3.7680E-20
1066000	3.7650E-20
1068000	3.7620E-20
1070000	3.7591E-20
1072000	3.7561E-20
1074000	3.7531E-20
1076000	3.7501E-20
1078000	3.7472E-20
1080000	3.7442E-20
1082000	3.7412E-20
1084000	3.7383E-20
1086000	3.7353E-20
1088000	3.7324E-20
1090000	3.7294E-20
1092000	3.7265E-20
1094000	3.7235E-20
1096000	3.7206E-20
1098000	3.7176E-20
1100000	3.7147E-20
1102000	3.7118E-20
1104000	3.7088E-20
1106000	3.7059E-20
1108000	3.7030E-20
1110000	3.7001E-20
1112000	3.6972E-20
1114000	3.6942E-20
1116000	3.6913E-20
1118000	3.6884E-20
1120000	3.6855E-20
1122000	3.6826E-20
1124000	3.6797E-20
1126000	3.6768E-20
1128000	3.6739E-20
1130000	3.6711E-20
1132000	3.6682E-20
1134000	3.6653E-20
1136000	3.6624E-20
1138000	3.6595E-20
1140000	3.6567E-20
1142000	3.6538E-20
1144000	3.6509E-20
1146000	3.6481E-20
1148000	3.6452E-20
1150000	3.6423E-20
1152000	3.6395E-20
1154000	3.6366E-20
1156000	3.6338E-20
1158000	3.6309E-20
1160000	3.6281E-20
1162000	3.6253E-20
1164000	3.6224E-20
1166000	3.6196E-20
1168000	3.6168E-20
1170000	3.6140E-20
1172000	3.6111E-20
1174000	3.6083E-20
1176000	3.6055E-20
1178000	3.6027E-20
1180000	3.5999E-20
1182000	3.5971E-20
1184000	3.5943E-20
1186000	3.5915E-20
1188000	3.5887E-20
1190000	3.5859E-20
1192000	3.5831E-20
1194000	3.5803E-20
1196000	3.5775E-20
1198000	3.5748E-20
1200000	3.5720E-20
1202000	3.5692E-20
1204000	3.5664E-20
1206000	3.5637E-20
1208000	3.5609E-20
1210000	3.5582E-20
1212000	3.5554E-20
1214000	3.5526E-20
1216000	3.5499E-20
1218000	3.5472E-20
1220000	3.5444E-20
1222000	3.5417E-20
1224000	3.5389E-20
1226000	3.5362E-20
1228000	3.5335E-20
1230000	3.5307E-20
1232000	3.5280E-20
1234000	3.5253E-20
1236000	3.5226E-20
1238000	3.5199E-20
1240000	3.5172E-20
1242000	3.5145E-20
1244000	3.5118E-20
1246000	3.5091E-20
1248000	3.5064E-20
1250000	3.5037E-20
1252000	3.5010E-20
1254000	3.4983E-20
1256000	3.4956E-20
1258000	3.4929E-20
1260000	3.4903E-20
1262000	3.4876E-20
1264000	3.4849E-20
1266000	3.4823E-20
1268000	3.4796E-20
1270000	3.4769E-20
1272000	3.4743E-20
1274000	3.4716E-20
1276000	3.4690E-20
1278000	3.4663E-20
1280000	3.4637E-20
1282000	3.4610E-20
1284000	3.4584E-20
1286000	3.4558E-20
1288000	3.4531E-20
1290000	3.4505E-20
1292000	3.4479E-20
1294000	3.4453E-20
1296000	3.4427E-20
1298000	3.4400E-20
1300000	3.4374E-20
1302000	3.4348E-20
1304000	3.4322E-20
1306000	3.4296E-20
1308000	3.4270E-20
1310000	3.4244E-20
1312000	3.4219E-20
1314000	3.4193E-20
1316000	3.4167E-20
1318000	3.4141E-20
1320000	3.4115E-20
1322000	3.4090E-20
1324000	3.4064E-20
1326000	3.4038E-20
1328000	3.4013E-20
1330000	3.3987E-20
1332000	3.3961E-20
1334000	3.3936E-20
1336000	3.3910E-20
1338000	3.3885E-20
1340000	3.3859E-20
1342000	3.3834E-20
1344000	3.3809E-20
1346000	3.3783E-20
1348000	3.3758E-20
1350000	3.3733E-20
1352000	3.3707E-20
1354000	3.3682E-20
1356000	3.3657E-20
1358000	3.3632E-20
1360000	3.3607E-20
1362000	3.3582E-20
1364000	3.3557E-20
1366000	3.3532E-20
1368000	3.3507E-20
1370000	3.3482E-20
1372000	3.3457E-20
1374000	3.3432E-20
1376000	3.3407E-20
1378000	3.3382E-20
1380000	3.3357E-20
1382000	3.3333E-20
1384000	3.3308E-20
1386000	3.3283E-20
1388000	3.3259E-20
1390000	3.3234E-20
1392000	3.3209E-20
1394000	3.3185E-20
1396000	3.3160E-20
1398000	3.3136E-20
1400000	3.3111E-20
1402000	3.3087E-20
1404000	3.3063E-20
1406000	3.3038E-20
1408000	3.3014E-20
1410000	3.2990E-20
1412000	3.2965E-20
1414000	3.2941E-20
1416000	3.2917E-20
1418000	3.2893E-20
1420000	3.2868E-20
1422000	3.2844E-20
1424000	3.2820E-20
1426000	3.2796E-20
1428000	3.2772E-20
1430000	3.2748E-20
1432000	3.2724E-20
1434000	3.2700E-20
1436000	3.2676E-20
1438000	3.2653E-20
1440000	3.2629E-20
1442000	3.2605E-20
1444000	3.2581E-20
1446000	3.2557E-20
1448000	3.2534E-20
1450000	3.2510E-20
1452000	3.2486E-20
1454000	3.2463E-20
1456000	3.2439E-20
1458000	3.2416E-20
1460000	3.2392E-20
1462000	3.2369E-20
1464000	3.2345E-20
1466000	3.2322E-20
1468000	3.2298E-20
1470000	3.2275E-20
1472000	3.2252E-20
1474000	3.2228E-20
1476000	3.2205E-20
1478000	3.2182E-20
1480000	3.2159E-20
1482000	3.2135E-20
1484000	3.2112E-20
1486000	3.2089E-20
1488000	3.2066E-20
1490000	3.2043E-20
1492000	3.2020E-20
1494000	3.1997E-20
1496000	3.1974E-20
1498000	3.1951E-20
1500000	3.1928E-20
1502000	3.1905E-20
1504000	3.1882E-20
1506000	3.1860E-20
1508000	3.1837E-20
1510000	3.1814E-20
1512000	3.1791E-20
1514000	3.1769E-20
1516000	3.1746E-20
1518000	3.1723E-20
1520000	3.1701E-20
1522000	3.1678E-20
1524000	3.1656E-20
1526000	3.1633E-20
1528000	3.1611E-20
1530000	3.1588E-20
1532000	3.1566E-20
1534000	3.1543E-20
1536000	3.1521E-20
1538000	3.1499E-20
1540000	3.1476E-20
1542000	3.1454E-20
1544000	3.1432E-20
1546000	3.1410E-20
1548000	3.1387E-20
1550000	3.1365E-20
1552000	3.1343E-20
1554000	3.1321E-20
1556000	3.1299E-20
1558000	3.1277E-20
1560000	3.1255E-20
1562000	3.1233E-20
1564000	3.1211E-20
1566000	3.1189E-20
1568000	3.1167E-20
1570000	3.1145E-20
1572000	3.1123E-20
1574000	3.1102E-20
1576000	3.1080E-20
1578000	3.1058E-20
1580000	3.1036E-20
1582000	3.1015E-20
1584000	3.0993E-20
1586000	3.0971E-20
1588000	3.0950E-20
1590000	3.0928E-20
1592000	3.0907E-20
1594000	3.0885E-20
1596000	3.0864E-20
1598000	3.0842E-20
1600000	3.0821E-20
1602000	3.0799E-20
1604000	3.0778E-20
1606000	3.0756E-20
1608000	3.0735E-20
1610000	3.0714E-20
1612000	3.0693E-20
1614000	3.0671E-20
1616000	3.0650E-20
1618000	3.0629E-20
1620000	3.0608E-20
1622000	3.0587E-20
1624000	3.0566E-20
1626000	3.0544E-20
1628000	3.0523E-20
1630000	3.0502E-20
1632000	3.0481E-20
1634000	3.0460E-20
1636000	3.0439E-20
1638000	3.0419E-20
1640000	3.0398E-20
1642000	3.0377E-20
1644000	3.0356E-20
1646000	3.0335E-20
1648000	3.0314E-20
1650000	3.0294E-20
1652000	3.0273E-20
1654000	3.0252E-20
1656000	3.0232E-20
1658000	3.0211E-20
1660000	3.0190E-20
1662000	3.0170E-20
1664000	3.0149E-20
1666000	3.0129E-20
1668000	3.0108E-20
1670000	3.0088E-20
1672000	3.0067E-20
1674000	3.0047E-20
1676000	3.0026E-20
1678000	3.0006E-20
1680000	2.9986E-20
1682000	2.9965E-20
1684000	2.9945E-20
1686000	2.9925E-20
1688000	2.9905E-20
1690000	2.9884E-20
1692000	2.9864E-20
1694000	2.9844E-20
1696000	2.9824E-20
1698000	2.9804E-20
1700000	2.9784E-20
1702000	2.9764E-20
1704000	2.9744E-20
1706000	2.9724E-20
1708000	2.9704E-20
1710000	2.9684E-20
1712000	2.9664E-20
1714000	2.9644E-20
1716000	2.9624E-20
1718000	2.9604E-20
1720000	2.9584E-20
1722000	2.9565E-20
1724000	2.9545E-20
1726000	2.9525E-20
1728000	2.9505E-20
1730000	2.9486E-20
1732000	2.9466E-20
1734000	2.9446E-20
1736000	2.9427E-20
1738000	2.9407E-20
1740000	2.9388E-20
1742000	2.9368E-20
1744000	2.9349E-20
1746000	2.9329E-20
1748000	2.9310E-20
1750000	2.9290E-20
1752000	2.9271E-20
1754000	2.9252E-20
1756000	2.9232E-20
1758000	2.9213E-20
1760000	2.9194E-20
1762000	2.9174E-20
1764000	2.9155E-20
1766000	2.9136E-20
1768000	2.9117E-20
1770000	2.9097E-20
1772000	2.9078E-20
1774000	2.9059E-20
1776000	2.9040E-20
1778000	2.9021E-20
1780000	2.9002E-20
1782000	2.8983E-20
1784000	2.8964E-20
1786000	2.8945E-20
1788000	2.8926E-20
1790000	2.8907E-20
1792000	2.8888E-20
1794000	2.8869E-20
1796000	2.8850E-20
1798000	2.8831E-20
1800000	2.8813E-20
1802000	2.8794E-20
1804000	2.8775E-20
1806000	2.8756E-20
1808000	2.8738E-20
1810000	2.8719E-20
1812000	2.8700E-20
1814000	2.8682E-20
1816000	2.8663E-20
1818000	2.8644E-20
1820000	2.8626E-20
1822000	2.8607E-20
1824000	2.8589E-20
1826000	2.8570E-20
1828000	2.8552E-20
1830000	2.8533E-20
1832000	2.8515E-20
1834000	2.8496E-20
1836000	2.8478E-20
1838000	2.8460E-20
1840000	2.8441E-20
1842000	2.8423E-20
1844000	2.8405E-20
1846000	2.8387E-20
1848000	2.8368E-20
1850000	2.8350E-20
1852000	2.8332E-20
1854000	2.8314E-20
1856000	2.8296E-20
1858000	2.8277E-20
1860000	2.8259E-20
1862000	2.8241E-20
1864000	2.8223E-20
1866000	2.8205E-20
1868000	2.8187E-20
1870000	2.8169E-20
1872000	2.8151E-20
1874000	2.8133E-20
1876000	2.8115E-20
1878000	2.8097E-20
1880000	2.8080E-20
1882000	2.8062E-20
1884000	2.8044E-20
1886000	2.8026E-20
1888000	2.8008E-20
1890000	2.7991E-20
1892000	2.7973E-20
1894000	2.7955E-20
1896000	2.7937E-20
1898000	2.7920E-20
1900000	2.7902E-20
1902000	2.7884E-20
1904000	2.7867E-20
1906000	2.7849E-20
1908000	2.7832E-20
1910000	2.7814E-20
1912000	2.7797E-20
1914000	2.7779E-20
1916000	2.7762E-20
1918000	2.7744E-20
1920000	2.7727E-20
1922000	2.7709E-20
1924000	2.7692E-20
1926000	2.7675E-20
1928000	2.7657E-20
1930000	2.7640E-20
1932000	2.7623E-20
1934000	2.7606E-20
1936000	2.7588E-20
1938000	2.7571E-20
1940000	2.7554E-20
1942000	2.7537E-20
1944000	2.7519E-20
1946000	2.7502E-20
1948000	2.7485E-20
1950000	2.7468E-20
1952000	2.7451E-20
1954000	2.7434E-20
1956000	2.7417E-20
1958000	2.7400E-20
1960000	2.7383E-20
1962000	2.7366E-20
1964000	2.7349E-20
1966000	2.7332E-20
1968000	2.7315E-20
1970000	2.7298E-20
1972000	2.7281E-20
1974000	2.7265E-20
1976000	2.7248E-20
1978000	2.7231E-20
1980000	2.7214E-20
1982000	2.7197E-20
1984000	2.7181E-20
1986000	2.7164E-20
1988000	2.7147E-20
1990000	2.7131E-20
1992000	2.7114E-20
1994000	2.7097E-20
1996000	2.7081E-20
1998000	2.7064E-20
2000000	2.7048E-20
2002000	2.7031E-20
2004000	2.7014E-20
2006000	2.6998E-20
2008000	2.6981E-20
2010000	2.6965E-20
2012000	2.6948E-20
2014000	2.6932E-20
2016000	2.6916E-20
2018000	2.6899E-20
2020000	2.6883E-20
2022000	2.6867E-20
2024000	2.6850E-20
2026000	2.6834E-20
2028000	2.6818E-20
2030000	2.6801E-20
2032000	2.6785E-20
2034000	2.6769E-20
2036000	2.6753E-20
2038000	2.6736E-20
2040000	2.6720E-20
2042000	2.6704E-20
2044000	2.6688E-20
2046000	2.6672E-20
2048000	2.6656E-20
2050000	2.6640E-20
2052000	2.6624E-20
2054000	2.6608E-20
2056000	2.6592E-20
2058000	2.6576E-20
2060000	2.6560E-20
2062000	2.6544E-20
2064000	2.6528E-20
2066000	2.6512E-20
2068000	2.6496E-20
2070000	2.6480E-20
2072000	2.6464E-20
2074000	2.6448E-20
2076000	2.6433E-20
2078000	2.6417E-20
2080000	2.6401E-20
2082000	2.6385E-20
2084000	2.6370E-20
2086000	2.6354E-20
2088000	2.6338E-20
2090000	2.6322E-20
2092000	2.6307E-20
2094000	2.6291E-20
2096000	2.6276E-20
2098000	2.6260E-20
2100000	2.6244E-20
2102000	2.6229E-20
2104000	2.6213E-20
2106000	2.6198E-20
2108000	2.6182E-20
2110000	2.6167E-20
2112000	2.6151E-20
2114000	2.6136E-20
2116000	2.6120E-20
2118000	2.6105E-20
2120000	2.6090E-20
2122000	2.6074E-20
2124000	2.6059E-20
2126000	2.6043E-20
2128000	2.6028E-20
2130000	2.6013E-20
2132000	2.5998E-20
2134000	2.5982E-20
2136000	2.5967E-20
2138000	2.5952E-20
2140000	2.5937E-20
2142000	2.5921E-20
2144000	2.5906E-20
2146000	2.5891E-20
2148000	2.5876E-20
2150000	2.5861E-20
2152000	2.5846E-20
2154000	2.5831E-20
2156000	2.5815E-20
2158000	2.5800E-20
2160000	2.5785E-20
2162000	2.5770E-20
2164000	2.5755E-20
2166000	2.5740E-20
2168000	2.5725E-20
2170000	2.5711E-20
2172000	2.5696E-20
2174000	2.5681E-20
2176000	2.5666E-20
2178000	2.5651E-20
2180000	2.5636E-20
2182000	2.5621E-20
2184000	2.5606E-20
2186000	2.5592E-20
2188000	2.5577E-20
2190000	2.5562E-20
2192000	2.5547E-20
2194000	2.5533E-20
2196000	2.5518E-20
2198000	2.5503E-20
2200000	2.5489E-20
2202000	2.5474E-20
2204000	2.5459E-20
2206000	2.5445E-20
2208000	2.5430E-20
2210000	2.5415E-20
2212000	2.5401E-20
2214000	2.5386E-20
2216000	2.5372E-20
2218000	2.5357E-20
2220000	2.5343E-20
2222000	2.5328E-20
2224000	2.5314E-20
2226000	2.5299E-20
2228000	2.5285E-20
2230000	2.5270E-20
2232000	2.5256E-20
2234000	2.5242E-20
2236000	2.5227E-20
2238000	2.5213E-20
2240000	2.5199E-20
2242000	2.5184E-20
2244000	2.5170E-20
2246000	2.5156E-20
2248000	2.5141E-20
2250000	2.5127E-20
2252000	2.5113E-20
2254000	2.5099E-20
2256000	2.5084E-20
2258000	2.5070E-20
2260000	2.5056E-20
2262000	2.5042E-20
2264000	2.5028E-20
2266000	2.5014E-20
2268000	2.5000E-20
2270000	2.4986E-20
2272000	2.4971E-20
2274000	2.4957E-20
2276000	2.4943E-20
2278000	2.4929E-20
2280000	2.4915E-20
2282000	2.4901E-20
2284000	2.4887E-20
2286000	2.4873E-20
2288000	2.4860E-20
2290000	2.4846E-20
2292000	2.4832E-20
2294000	2.4818E-20
2296000	2.4804E-20
2298000	2.4790E-20
2300000	2.4776E-20
2302000	2.4762E-20
2304000	2.4749E-20
2306000	2.4735E-20
2308000	2.4721E-20
2310000	2.4707E-20
2312000	2.4693E-20
2314000	2.4680E-20
2316000	2.4666E-20
2318000	2.4652E-20
2320000	2.4639E-20
2322000	2.4625E-20
2324000	2.4611E-20
2326000	2.4598E-20
2328000	2.4584E-20
2330000	2.4570E-20
2332000	2.4557E-20
2334000	2.4543E-20
2336000	2.4530E-20
2338000	2.4516E-20
2340000	2.4503E-20
2342000	2.4489E-20
2344000	2.4476E-20
2346000	2.4462E-20
2348000	2.4449E-20
2350000	2.4435E-20
2352000	2.4422E-20
2354000	2.4408E-20
2356000	2.4395E-20
2358000	2.4382E-20
2360000	2.4368E-20
2362000	2.4355E-20
2364000	2.4342E-20
2366000	2.4328E-20
2368000	2.4315E-20
2370000	2.4302E-20
2372000	2.4288E-20
2374000	2.4275E-20
2376000	2.4262E-20
2378000	2.4249E-20
2380000	2.4235E-20
2382000	2.4222E-20
2384000	2.4209E-20
2386000	2.4196E-20
2388000	2.4183E-20
2390000	2.4170E-20
2392000	2.4156E-20
2394000	2.4143E-20
2396000	2.4130E-20
2398000	2.4117E-20
2400000	2.4104E-20
2402000	2.4091E-20
2404000	2.4078E-20
2406000	2.4065E-20
2408000	2.4052E-20
2410000	2.4039E-20
2412000	2.4026E-20
2414000	2.4013E-20
2416000	2.4000E-20
2418000	2.3987E-20
2420000	2.3974E-20
2422000	2.3961E-20
2424000	2.3948E-20
2426000	2.3935E-20
2428000	2.3923E-20
2430000	2.3910E-20
2432000	2.3897E-20
2434000	2.3884E-20
2436000	2.3871E-20
2438000	2.3858E-20
2440000	2.3846E-20
2442000	2.3833E-20
2444000	2.3820E-20
2446000	2.3807E-20
2448000	2.3795E-20
2450000	2.3782E-20
2452000	2.3769E-20
2454000	2.3757E-20
2456000	2.3744E-20
2458000	2.3731E-20
2460000	2.3719E-20
2462000	2.3706E-20
2464000	2.3693E-20
2466000	2.3681E-20
2468000	2.3668E-20
2470000	2.3656E-20
2472000	2.3643E-20
2474000	2.3631E-20
2476000	2.3618E-20
2478000	2.3605E-20
2480000	2.3593E-20
2482000	2.3581E-20
2484000	2.3568E-20
2486000	2.3556E-20
2488000	2.3543E-20
2490000	2.3531E-20
2492000	2.3518E-20
2494000	2.3506E-20
2496000	2.3493E-20
2498000	2.3481E-20
2500000	2.3469E-20
2502000	2.3456E-20
2504000	2.3444E-20
2506000	2.3432E-20
2508000	2.3419E-20
2510000	2.3407E-20
2512000	2.3395E-20
2514000	2.3383E-20
2516000	2.3370E-20
2518000	2.3358E-20
2520000	2.3346E-20
2522000	2.3334E-20
2524000	2.3321E-20
2526000	2.3309E-20
2528000	2.3297E-20
2530000	2.3285E-20
2532000	2.3273E-20
2534000	2.3261E-20
2536000	2.3249E-20
2538000	2.3236E-20
2540000	2.3224E-20
2542000	2.3212E-20
2544000	2.3200E-20
2546000	2.3188E-20
2548000	2.3176E-20
2550000	2.3164E-20
2552000	2.3152E-20
2554000	2.3140E-20
2556000	2.3128E-20
2558000	2.3116E-20
2560000	2.3104E-20
2562000	2.3092E-20
2564000	2.3080E-20
2566000	2.3068E-20
2568000	2.3056E-20
2570000	2.3045E-20
2572000	2.3033E-20
2574000	2.3021E-20
2576000	2.3009E-20
2578000	2.2997E-20
2580000	2.2985E-20
2582000	2.2973E-20
2584000	2.2962E-20
2586000	2.2950E-20
2588000	2.2938E-20
2590000	2.2926E-20
2592000	2.2915E-20
2594000	2.2903E-20
2596000	2.2891E-20
2598000	2.2879E-20
2600000	2.2868E-20
2602000	2.2856E-20
2604000	2.2844E-20
2606000	2.2833E-20
2608000	2.2821E-20
2610000	2.2809E-20
2612000	2.2798E-20
2614000	2.2786E-20
2616000	2.2774E-20
2618000	2.2763E-20
2620000	2.2751E-20
2622000	2.2740E-20
2624000	2.2728E-20
2626000	2.2717E-20
2628000	2.2705E-20
2630000	2.2694E-20
2632000	2.2682E-20
2634000	2.2671E-20
2636000	2.2659E-20
2638000	2.2648E-20
2640000	2.2636E-20
2642000	2.2625E-20
2644000	2.2613E-20
2646000	2.2602E-20
2648000	2.2590E-20
2650000	2.2579E-20
2652000	2.2568E-20
2654000	2.2556E-20
2656000	2.2545E-20
2658000	2.2534E-20
2660000	2.2522E-20
2662000	2.2511E-20
2664000	2.2500E-20
2666000	2.2488E-20
2668000	2.2477E-20
2670000	2.2466E-20
2672000	2.2454E-20
2674000	2.2443E-20
2676000	2.2432E-20
2678000	2.2421E-20
2680000	2.2409E-20
2682000	2.2398E-20
2684000	2.2387E-20
2686000	2.2376E-20
2688000	2.2365E-20
2690000	2.2354E-20
2692000	2.2342E-20
2694000	2.2331E-20
2696000	2.2320E-20
2698000	2.2309E-20
2700000	2.2298E-20
2702000	2.2287E-20
2704000	2.2276E-20
2706000	2.2265E-20
2708000	2.2254E-20
2710000	2.2243E-20
2712000	2.2232E-20
2714000	2.2221E-20
2716000	2.2210E-20
2718000	2.2199E-20
2720000	2.2188E-20
2722000	2.2177E-20
2724000	2.2166E-20
2726000	2.2155E-20
2728000	2.2144E-20
2730000	2.2133E-20
2732000	2.2122E-20
2734000	2.2111E-20
2736000	2.2100E-20
2738000	2.2089E-20
2740000	2.2078E-20
2742000	2.2068E-20
2744000	2.2057E-20
2746000	2.2046E-20
2748000	2.2035E-20
2750000	2.2024E-20
2752000	2.2013E-20
2754000	2.2003E-20
2756000	2.1992E-20
2758000	2.1981E-20
2760000	2.1970E-20
2762000	2.1960E-20
2764000	2.1949E-20
2766000	2.1938E-20
2768000	2.1927E-20
2770000	2.1917E-20
2772000	2.1906E-20
2774000	2.1895E-20
2776000	2.1885E-20
2778000	2.1874E-20
2780000	2.1863E-20
2782000	2.1853E-20
2784000	2.1842E-20
2786000	2.1831E-20
2788000	2.1821E-20
2790000	2.1810E-20
2792000	2.1800E-20
2794000	2.1789E-20
2796000	2.1779E-20
2798000	2.1768E-20
2800000	2.1757E-20
2802000	2.1747E-20
2804000	2.1736E-20
2806000	2.1726E-20
2808000	2.1715E-20
2810000	2.1705E-20
2812000	2.1694E-20
2814000	2.1684E-20
2816000	2.1674E-20
2818000	2.1663E-20
2820000	2.1653E-20
2822000	2.1642E-20
2824000	2.1632E-20
2826000	2.1621E-20
2828000	2.1611E-20
2830000	2.1601E-20
2832000	2.1590E-20
2834000	2.1580E-20
2836000	2.1570E-20
2838000	2.1559E-20
2840000	2.1549E-20
2842000	2.1539E-20
2844000	2.1528E-20
2846000	2.1518E-20
2848000	2.1508E-20
2850000	2.1497E-20
2852000	2.1487E-20
2854000	2.1477E-20
2856000	2.1467E-20
2858000	2.1456E-20
2860000	2.1446E-20
2862000	2.1436E-20
2864000	2.1426E-20
2866000	2.1416E-20
2868000	2.1405E-20
2870000	2.1395E-20
2872000	2.1385E-20
2874000	2.1375E-20
2876000	2.1365E-20
2878000	2.1355E-20
2880000	2.1345E-20
2882000	2.1334E-20
2884000	2.1324E-20
2886000	2.1314E-20
2888000	2.1304E-20
2890000	2.1294E-20
2892000	2.1284E-20
2894000	2.1274E-20
2896000	2.1264E-20
2898000	2.1254E-20
2900000	2.1244E-20
2902000	2.1234E-20
2904000	2.1224E-20
2906000	2.1214E-20
2908000	2.1204E-20
2910000	2.1194E-20
2912000	2.1184E-20
2914000	2.1174E-20
2916000	2.1164E-20
2918000	2.1154E-20
2920000	2.1144E-20
2922000	2.1134E-20
2924000	2.1125E-20
2926000	2.1115E-20
2928000	2.1105E-20
2930000	2.1095E-20
2932000	2.1085E-20
2934000	2.1075E-20
2936000	2.1065E-20
2938000	2.1056E-20
2940000	2.1046E-20
2942000	2.1036E-20
2944000	2.1026E-20
2946000	2.1016E-20
2948000	2.1007E-20
2950000	2.0997E-20
2952000	2.0987E-20
2954000	2.0977E-20
2956000	2.0967E-20
2958000	2.0958E-20
2960000	2.0948E-20
2962000	2.0938E-20
2964000	2.0929E-20
2966000	2.0919E-20
2968000	2.0909E-20
2970000	2.0900E-20
2972000	2.0890E-20
2974000	2.0880E-20
2976000	2.0871E-20
2978000	2.0861E-20
2980000	2.0851E-20
2982000	2.0842E-20
2984000	2.0832E-20
2986000	2.0822E-20
2988000	2.0813E-20
2990000	2.0803E-20
2992000	2.0794E-20
2994000	2.0784E-20
2996000	2.0775E-20
2998000	2.0765E-20
3000000	2.0756E-20
3002000	2.0746E-20
3004000	2.0737E-20
3006000	2.0727E-20
3008000	2.0717E-20
3010000	2.0708E-20
3012000	2.0699E-20
3014000	2.0689E-20
3016000	2.0680E-20
3018000	2.0670E-20
3020000	2.0661E-20
3022000	2.0651E-20
3024000	2.0642E-20
3026000	2.0632E-20
3028000	2.0623E-20
3030000	2.0614E-20
3032000	2.0604E-20
3034000	2.0595E-20
3036000	2.0586E-20
3038000	2.0576E-20
3040000	2.0567E-20
3042000	2.0557E-20
3044000	2.0548E-20
3046000	2.0539E-20
3048000	2.0529E-20
3050000	2.0520E-20
3052000	2.0511E-20
3054000	2.0502E-20
3056000	2.0492E-20
3058000	2.0483E-20
3060000	2.0474E-20
3062000	2.0465E-20
3064000	2.0455E-20
3066000	2.0446E-20
3068000	2.0437E-20
3070000	2.0428E-20
3072000	2.0418E-20
3074000	2.0409E-20
3076000	2.0400E-20
3078000	2.0391E-20
3080000	2.0382E-20
3082000	2.0372E-20
3084000	2.0363E-20
3086000	2.0354E-20
3088000	2.0345E-20
3090000	2.0336E-20
3092000	2.0327E-20
3094000	2.0318E-20
3096000	2.0309E-20
3098000	2.0299E-20
3100000	2.0290E-20
3102000	2.0281E-20
3104000	2.0272E-20
3106000	2.0263E-20
3108000	2.0254E-20
3110000	2.0245E-20
3112000	2.0236E-20
3114000	2.0227E-20
3116000	2.0218E-20
3118000	2.0209E-20
3120000	2.0200E-20
3122000	2.0191E-20
3124000	2.0182E-20
3126000	2.0173E-20
3128000	2.0164E-20
3130000	2.0155E-20
3132000	2.0146E-20
3134000	2.0137E-20
3136000	2.0128E-20
3138000	2.0119E-20
3140000	2.0111E-20
3142000	2.0102E-20
3144000	2.0093E-20
3146000	2.0084E-20
3148000	2.0075E-20
3150000	2.0066E-20
3152000	2.0057E-20
3154000	2.0048E-20
3156000	2.0039E-20
3158000	2.0031E-20
3160000	2.0022E-20
3162000	2.0013E-20
3164000	2.0004E-20
3166000	1.9995E-20
3168000	1.9987E-20
3170000	1.9978E-20
3172000	1.9969E-20
3174000	1.9960E-20
3176000	1.9951E-20
3178000	1.9943E-20
3180000	1.9934E-20
3182000	1.9925E-20
3184000	1.9917E-20
3186000	1.9908E-20
3188000	1.9899E-20
3190000	1.9890E-20
3192000	1.9882E-20
3194000	1.9873E-20
3196000	1.9864E-20
3198000	1.9856E-20
3200000	1.9847E-20
3202000	1.9838E-20
3204000	1.9830E-20
3206000	1.9821E-20
3208000	1.9812E-20
3210000	1.9804E-20
3212000	1.9795E-20
3214000	1.9787E-20
3216000	1.9778E-20
3218000	1.9769E-20
3220000	1.9761E-20
3222000	1.9752E-20
3224000	1.9744E-20
3226000	1.9735E-20
3228000	1.9726E-20
3230000	1.9718E-20
3232000	1.9709E-20
3234000	1.9701E-20
3236000	1.9692E-20
3238000	1.9684E-20
3240000	1.9675E-20
3242000	1.9667E-20
3244000	1.9658E-20
3246000	1.9650E-20
3248000	1.9641E-20
3250000	1.9633E-20
3252000	1.9624E-20
3254000	1.9616E-20
3256000	1.9608E-20
3258000	1.9599E-20
3260000	1.9591E-20
3262000	1.9582E-20
3264000	1.9574E-20
3266000	1.9565E-20
3268000	1.9557E-20
3270000	1.9549E-20
3272000	1.9540E-20
3274000	1.9532E-20
3276000	1.9524E-20
3278000	1.9515E-20
3280000	1.9507E-20
3282000	1.9498E-20
3284000	1.9490E-20
3286000	1.9482E-20
3288000	1.9473E-20
3290000	1.9465E-20
3292000	1.9457E-20
3294000	1.9449E-20
3296000	1.9440E-20
3298000	1.9432E-20
3300000	1.9424E-20
3302000	1.9415E-20
3304000	1.9407E-20
3306000	1.9399E-20
3308000	1.9391E-20
3310000	1.9382E-20
3312000	1.9374E-20
3314000	1.9366E-20
3316000	1.9358E-20
3318000	1.9350E-20
3320000	1.9341E-20
3322000	1.9333E-20
3324000	1.9325E-20
3326000	1.9317E-20
3328000	1.9309E-20
3330000	1.9300E-20
3332000	1.9292E-20
3334000	1.9284E-20
3336000	1.9276E-20
3338000	1.9268E-20
3340000	1.9260E-20
3342000	1.9252E-20
3344000	1.9244E-20
3346000	1.9235E-20
3348000	1.9227E-20
3350000	1.9219E-20
3352000	1.9211E-20
3354000	1.9203E-20
3356000	1.9195E-20
3358000	1.9187E-20
3360000	1.9179E-20
3362000	1.9171E-20
3364000	1.9163E-20
3366000	1.9155E-20
3368000	1.9147E-20
3370000	1.9139E-20
3372000	1.9131E-20
3374000	1.9123E-20
3376000	1.9115E-20
3378000	1.9107E-20
3380000	1.9099E-20
3382000	1.9091E-20
3384000	1.9083E-20
3386000	1.9075E-20
3388000	1.9067E-20
3390000	1.9059E-20
3392000	1.9051E-20
3394000	1.9043E-20
3396000	1.9035E-20
3398000	1.9027E-20
3400000	1.9019E-20
3402000	1.9011E-20
3404000	1.9003E-20
3406000	1.8996E-20
3408000	1.8988E-20
3410000	1.8980E-20
3412000	1.8972E-20
3414000	1.8964E-20
3416000	1.8956E-20
3418000	1.8948E-20
3420000	1.8941E-20
3422000	1.8933E-20
3424000	1.8925E-20
3426000	1.8917E-20
3428000	1.8909E-20
3430000	1.8901E-20
3432000	1.8894E-20
3434000	1.8886E-20
3436000	1.8878E-20
3438000	1.8870E-20
3440000	1.8863E-20
3442000	1.8855E-20
3444000	1.8847E-20
3446000	1.8839E-20
3448000	1.8831E-20
3450000	1.8824E-20
3452000	1.8816E-20
3454000	1.8808E-20
3456000	1.8801E-20
3458000	1.8793E-20
3460000	1.8785E-20
3462000	1.8777E-20
3464000	1.8770E-20
3466000	1.8762E-20
3468000	1.8754E-20
3470000	1.8747E-20
3472000	1.8739E-20
3474000	1.8731E-20
3476000	1.8724E-20
3478000	1.8716E-20
3480000	1.8709E-20
3482000	1.8701E-20
3484000	1.8693E-20
3486000	1.8686E-20
3488000	1.8678E-20
3490000	1.8670E-20
3492000	1.8663E-20
3494000	1.8655E-20
3496000	1.8648E-20
3498000	1.8640E-20
3500000	1.8632E-20
3502000	1.8625E-20
3504000	1.8617E-20
3506000	1.8610E-20
3508000	1.8602E-20
3510000	1.8595E-20
3512000	1.8587E-20
3514000	1.8580E-20
3516000	1.8572E-20
3518000	1.8565E-20
3520000	1.8557E-20
3522000	1.8550E-20
3524000	1.8542E-20
3526000	1.8535E-20
3528000	1.8527E-20
3530000	1.8520E-20
3532000	1.8512E-20
3534000	1.8505E-20
3536000	1.8497E-20
3538000	1.8490E-20
3540000	1.8482E-20
3542000	1.8475E-20
3544000	1.8468E-20
3546000	1.8460E-20
3548000	1.8453E-20
3550000	1.8445E-20
3552000	1.8438E-20
3554000	1.8431E-20
3556000	1.8423E-20
3558000	1.8416E-20
3560000	1.8408E-20
3562000	1.8401E-20
3564000	1.8394E-20
3566000	1.8386E-20
3568000	1.8379E-20
3570000	1.8372E-20
3572000	1.8364E-20
3574000	1.8357E-20
3576000	1.8350E-20
3578000	1.8342E-20
3580000	1.8335E-20
3582000	1.8328E-20
3584000	1.8320E-20
3586000	1.8313E-20
3588000	1.8306E-20
3590000	1.8299E-20
3592000	1.8291E-20
3594000	1.8284E-20
3596000	1.8277E-20
3598000	1.8269E-20
3600000	1.8262E-20
3602000	1.8255E-20
3604000	1.8248E-20
3606000	1.8240E-20
3608000	1.8233E-20
3610000	1.8226E-20
3612000	1.8219E-20
3614000	1.8212E-20
3616000	1.8204E-20
3618000	1.8197E-20
3620000	1.8190E-20
3622000	1.8183E-20
3624000	1.8176E-20
3626000	1.8168E-20
3628000	1.8161E-20
3630000	1.8154E-20
3632000	1.8147E-20
3634000	1.8140E-20
3636000	1.8133E-20
3638000	1.8126E-20
3640000	1.8118E-20
3642000	1.8111E-20
3644000	1.8104E-20
3646000	1.8097E-20
3648000	1.8090E-20
3650000	1.8083E-20
3652000	1.8076E-20
3654000	1.8069E-20
3656000	1.8062E-20
3658000	1.8055E-20
3660000	1.8048E-20
3662000	1.8040E-20
3664000	1.8033E-20
3666000	1.8026E-20
3668000	1.8019E-20
3670000	1.8012E-20
3672000	1.8005E-20
3674000	1.7998E-20
3676000	1.7991E-20
3678000	1.7984E-20
3680000	1.7977E-20
3682000	1.7970E-20
3684000	1.7963E-20
3686000	1.7956E-20
3688000	1.7949E-20
3690000	1.7942E-20
3692000	1.7935E-20
3694000	1.7928E-20
3696000	1.7921E-20
3698000	1.7914E-20
3700000	1.7907E-20
3702000	1.7900E-20
3704000	1.7893E-20
3706000	1.7887E-20
3708000	1.7880E-20
3710000	1.7873E-20
3712000	1.7866E-20
3714000	1.7859E-20
3716000	1.7852E-20
3718000	1.7845E-20
3720000	1.7838E-20
3722000	1.7831E-20
3724000	1.7824E-20
3726000	1.7818E-20
3728000	1.7811E-20
3730000	1.7804E-20
3732000	1.7797E-20
3734000	1.7790E-20
3736000	1.7783E-20
3738000	1.7776E-20
3740000	1.7770E-20
3742000	1.7763E-20
3744000	1.7756E-20
3746000	1.7749E-20
3748000	1.7742E-20
3750000	1.7735E-20
3752000	1.7729E-20
3754000	1.7722E-20
3756000	1.7715E-20
3758000	1.7708E-20
3760000	1.7701E-20
3762000	1.7695E-20
3764000	1.7688E-20
3766000	1.7681E-20
3768000	1.7674E-20
3770000	1.7668E-20
3772000	1.7661E-20
3774000	1.7654E-20
3776000	1.7647E-20
3778000	1.7641E-20
3780000	1.7634E-20
3782000	1.7627E-20
3784000	1.7621E-20
3786000	1.7614E-20
3788000	1.7607E-20
3790000	1.7600E-20
3792000	1.7594E-20
3794000	1.7587E-20
3796000	1.7580E-20
3798000	1.7574E-20
3800000	1.7567E-20
3802000	1.7560E-20
3804000	1.7554E-20
3806000	1.7547E-20
3808000	1.7540E-20
3810000	1.7534E-20
3812000	1.7527E-20
3814000	1.7520E-20
3816000	1.7514E-20
3818000	1.7507E-20
3820000	1.7501E-20
3822000	1.7494E-20
3824000	1.7487E-20
3826000	1.7481E-20
3828000	1.7474E-20
3830000	1.7468E-20
3832000	1.7461E-20
3834000	1.7454E-20
3836000	1.7448E-20
3838000	1.7441E-20
3840000	1.7435E-20
3842000	1.7428E-20
3844000	1.7422E-20
3846000	1.7415E-20
3848000	1.7409E-20
3850000	1.7402E-20
3852000	1.7395E-20
3854000	1.7389E-20
3856000	1.7382E-20
3858000	1.7376E-20
3860000	1.7369E-20
3862000	1.7363E-20
3864000	1.7356E-20
3866000	1.7350E-20
3868000	1.7343E-20
3870000	1.7337E-20
3872000	1.7330E-20
3874000	1.7324E-20
3876000	1.7318E-20
3878000	1.7311E-20
3880000	1.7305E-20
3882000	1.7298E-20
3884000	1.7292E-20
3886000	1.7285E-20
3888000	1.7279E-20
3890000	1.7272E-20
3892000	1.7266E-20
3894000	1.7260E-20
3896000	1.7253E-20
3898000	1.7247E-20
3900000	1.7240E-20
3902000	1.7234E-20
3904000	1.7227E-20
3906000	1.7221E-20
3908000	1.7215E-20
3910000	1.7208E-20
3912000	1.7202E-20
3914000	1.7196E-20
3916000	1.7189E-20
3918000	1.7183E-20
3920000	1.7177E-20
3922000	1.7170E-20
3924000	1.7164E-20
3926000	1.7157E-20
3928000	1.7151E-20
3930000	1.7145E-20
3932000	1.7138E-20
3934000	1.7132E-20
3936000	1.7126E-20
3938000	1.7120E-20
3940000	1.7113E-20
3942000	1.7107E-20
3944000	1.7101E-20
3946000	1.7094E-20
3948000	1.7088E-20
3950000	1.7082E-20
3952000	1.7076E-20
3954000	1.7069E-20
3956000	1.7063E-20
3958000	1.7057E-20
3960000	1.7050E-20
3962000	1.7044E-20
3964000	1.7038E-20
3966000	1.7032E-20
3968000	1.7025E-20
3970000	1.7019E-20
3972000	1.7013E-20
3974000	1.7007E-20
3976000	1.7001E-20
3978000	1.6994E-20
3980000	1.6988E-20
3982000	1.6982E-20
3984000	1.6976E-20
3986000	1.6970E-20
3988000	1.6963E-20
3990000	1.6957E-20
3992000	1.6951E-20
3994000	1.6945E-20
3996000	1.6939E-20
3998000	1.6933E-20
4000000	1.6926E-20
4002000	1.6920E-20
4004000	1.6914E-20
4006000	1.6908E-20
4008000	1.6902E-20
4010000	1.6896E-20
4012000	1.6890E-20
4014000	1.6883E-20
4016000	1.6877E-20
4018000	1.6871E-20
4020000	1.6865E-20
4022000	1.6859E-20
4024000	1.6853E-20
4026000	1.6847E-20
4028000	1.6841E-20
4030000	1.6835E-20
4032000	1.6829E-20
4034000	1.6822E-20
4036000	1.6816E-20
4038000	1.6810E-20
4040000	1.6804E-20
4042000	1.6798E-20
4044000	1.6792E-20
4046000	1.6786E-20
4048000	1.6780E-20
4050000	1.6774E-20
4052000	1.6768E-20
4054000	1.6762E-20
4056000	1.6756E-20
4058000	1.6750E-20
4060000	1.6744E-20
4062000	1.6738E-20
4064000	1.6732E-20
4066000	1.6726E-20
4068000	1.6720E-20
4070000	1.6714E-20
4072000	1.6708E-20
4074000	1.6702E-20
4076000	1.6696E-20
4078000	1.6690E-20
4080000	1.6684E-20
4082000	1.6678E-20
4084000	1.6672E-20
4086000	1.6666E-20
4088000	1.6660E-20
4090000	1.6654E-20
4092000	1.6648E-20
4094000	1.6642E-20
4096000	1.6636E-20
4098000	1.6630E-20
4100000	1.6625E-20
4102000	1.6619E-20
4104000	1.6613E-20
4106000	1.6607E-20
4108000	1.6601E-20
4110000	1.6595E-20
4112000	1.6589E-20
4114000	1.6583E-20
4116000	1.6577E-20
4118000	1.6571E-20
4120000	1.6566E-20
4122000	1.6560E-20
4124000	1.6554E-20
4126000	1.6548E-20
4128000	1.6542E-20
4130000	1.6536E-20
4132000	1.6530E-20
4134000	1.6525E-20
4136000	1.6519E-20
4138000	1.6513E-20
4140000	1.6507E-20
4142000	1.6501E-20
4144000	1.6495E-20
4146000	1.6490E-20
4148000	1.6484E-20
4150000	1.6478E-20
4152000	1.6472E-20
4154000	1.6466E-20
4156000	1.6461E-20
4158000	1.6455E-20
4160000	1.6449E-20
4162000	1.6443E-20
4164000	1.6437E-20
4166000	1.6432E-20
4168000	1.6426E-20
4170000	1.6420E-20
4172000	1.6414E-20
4174000	1.6409E-20
4176000	1.6403E-20
4178000	1.6397E-20
4180000	1.6391E-20
4182000	1.6386E-20
4184000	1.6380E-20
4186000	1.6374E-20
4188000	1.6368E-20
4190000	1.6363E-20
4192000	1.6357E-20
4194000	1.6351E-20
4196000	1.6345E-20
4198000	1.6340E-20
4200000	1.6334E-20
4202000	1.6328E-20
4204000	1.6323E-20
4206000	1.6317E-20
4208000	1.6311E-20
4210000	1.6306E-20
4212000	1.6300E-20
4214000	1.6294E-20
4216000	1.6289E-20
4218000	1.6283E-20
4220000	1.6277E-20
4222000	1.6272E-20
4224000	1.6266E-20
4226000	1.6260E-20
4228000	1.6255E-20
4230000	1.6249E-20
4232000	1.6243E-20
4234000	1.6238E-20
4236000	1.6232E-20
4238000	1.6227E-20
4240000	1.6221E-20
4242000	1.6215E-20
4244000	1.6210E-20
4246000	1.6204E-20
4248000	1.6198E-20
4250000	1.6193E-20
4252000	1.6187E-20
4254000	1.6182E-20
4256000	1.6176E-20
4258000	1.6171E-20
4260000	1.6165E-20
4262000	1.6159E-20
4264000	1.6154E-20
4266000	1.6148E-20
4268000	1.6143E-20
4270000	1.6137E-20
4272000	1.6132E-20
4274000	1.6126E-20
4276000	1.6121E-20
4278000	1.6115E-20
4280000	1.6109E-20
4282000	1.6104E-20
4284000	1.6098E-20
4286000	1.6093E-20
4288000	1.6087E-20
4290000	1.6082E-20
4292000	1.6076E-20
4294000	1.6071E-20
4296000	1.6065E-20
4298000	1.6060E-20
4300000	1.6054E-20
4302000	1.6049E-20
4304000	1.6043E-20
4306000	1.6038E-20
4308000	1.6032E-20
4310000	1.6027E-20
4312000	1.6021E-20
4314000	1.6016E-20
4316000	1.6011E-20
4318000	1.6005E-20
4320000	1.6000E-20
4322000	1.5994E-20
4324000	1.5989E-20
4326000	1.5983E-20
4328000	1.5978E-20
4330000	1.5972E-20
4332000	1.5967E-20
4334000	1.5962E-20
4336000	1.5956E-20
4338000	1.5951E-20
4340000	1.5945E-20
4342000	1.5940E-20
4344000	1.5934E-20
4346000	1.5929E-20
4348000	1.5924E-20
4350000	1.5918E-20
4352000	1.5913E-20
4354000	1.5908E-20
4356000	1.5902E-20
4358000	1.5897E-20
4360000	1.5891E-20
4362000	1.5886E-20
4364000	1.5881E-20
4366000	1.5875E-20
4368000	1.5870E-20
4370000	1.5865E-20
4372000	1.5859E-20
4374000	1.5854E-20
4376000	1.5849E-20
4378000	1.5843E-20
4380000	1.5838E-20
4382000	1.5833E-20
4384000	1.5827E-20
4386000	1.5822E-20
4388000	1.5817E-20
4390000	1.5811E-20
4392000	1.5806E-20
4394000	1.5801E-20
4396000	1.5795E-20
4398000	1.5790E-20
4400000	1.5785E-20
4402000	1.5779E-20
4404000	1.5774E-20
4406000	1.5769E-20
4408000	1.5764E-20
4410000	1.5758E-20
4412000	1.5753E-20
4414000	1.5748E-20
4416000	1.5743E-20
4418000	1.5737E-20
4420000	1.5732E-20
4422000	1.5727E-20
4424000	1.5721E-20
4426000	1.5716E-20
4428000	1.5711E-20
4430000	1.5706E-20
4432000	1.5701E-20
4434000	1.5695E-20
4436000	1.5690E-20
4438000	1.5685E-20
4440000	1.5680E-20
4442000	1.5674E-20
4444000	1.5669E-20
4446000	1.5664E-20
4448000	1.5659E-20
4450000	1.5654E-20
4452000	1.5648E-20
4454000	1.5643E-20
4456000	1.5638E-20
4458000	1.5633E-20
4460000	1.5628E-20
4462000	1.5622E-20
4464000	1.5617E-20
4466000	1.5612E-20
4468000	1.5607E-20
4470000	1.5602E-20
4472000	1.5597E-20
4474000	1.5591E-20
4476000	1.5586E-20
4478000	1.5581E-20
4480000	1.5576E-20
4482000	1.5571E-20
4484000	1.5566E-20
4486000	1.5561E-20
4488000	1.5555E-20
4490000	1.5550E-20
4492000	1.5545E-20
4494000	1.5540E-20
4496000	1.5535E-20
4498000	1.5530E-20
4500000	1.5525E-20
4502000	1.5520E-20
4504000	1.5515E-20
4506000	1.5509E-20
4508000	1.5504E-20
4510000	1.5499E-20
4512000	1.5494E-20
4514000	1.5489E-20
4516000	1.5484E-20
4518000	1.5479E-20
4520000	1.5474E-20
4522000	1.5469E-20
4524000	1.5464E-20
4526000	1.5459E-20
4528000	1.5454E-20
4530000	1.5449E-20
4532000	1.5443E-20
4534000	1.5438E-20
4536000	1.5433E-20
4538000	1.5428E-20
4540000	1.5423E-20
4542000	1.5418E-20
4544000	1.5413E-20
4546000	1.5408E-20
4548000	1.5403E-20
4550000	1.5398E-20
4552000	1.5393E-20
4554000	1.5388E-20
4556000	1.5383E-20
4558000	1.5378E-20
4560000	1.5373E-20
4562000	1.5368E-20
4564000	1.5363E-20
4566000	1.5358E-20
4568000	1.5353E-20
4570000	1.5348E-20
4572000	1.5343E-20
4574000	1.5338E-20
4576000	1.5333E-20
4578000	1.5328E-20
4580000	1.5323E-20
4582000	1.5318E-20
4584000	1.5313E-20
4586000	1.5308E-20
4588000	1.5303E-20
4590000	1.5299E-20
4592000	1.5294E-20
4594000	1.5289E-20
4596000	1.5284E-20
4598000	1.5279E-20
4600000	1.5274E-20
4602000	1.5269E-20
4604000	1.5264E-20
4606000	1.5259E-20
4608000	1.5254E-20
4610000	1.5249E-20
4612000	1.5244E-20
4614000	1.5239E-20
4616000	1.5234E-20
4618000	1.5230E-20
4620000	1.5225E-20
4622000	1.5220E-20
4624000	1.5215E-20
4626000	1.5210E-20
4628000	1.5205E-20
4630000	1.5200E-20
4632000	1.5195E-20
4634000	1.5191E-20
4636000	1.5186E-20
4638000	1.5181E-20
4640000	1.5176E-20
4642000	1.5171E-20
4644000	1.5166E-20
4646000	1.5161E-20
4648000	1.5156E-20
4650000	1.5152E-20
4652000	1.5147E-20
4654000	1.5142E-20
4656000	1.5137E-20
4658000	1.5132E-20
4660000	1.5127E-20
4662000	1.5123E-20
4664000	1.5118E-20
4666000	1.5113E-20
4668000	1.5108E-20
4670000	1.5103E-20
4672000	1.5099E-20
4674000	1.5094E-20
4676000	1.5089E-20
4678000	1.5084E-20
4680000	1.5079E-20
4682000	1.5075E-20
4684000	1.5070E-20
4686000	1.5065E-20
4688000	1.5060E-20
4690000	1.5055E-20
4692000	1.5051E-20
4694000	1.5046E-20
4696000	1.5041E-20
4698000	1.5036E-20
4700000	1.5032E-20
4702000	1.5027E-20
4704000	1.5022E-20
4706000	1.5017E-20
4708000	1.5013E-20
4710000	1.5008E-20
4712000	1.5003E-20
4714000	1.4998E-20
4716000	1.4994E-20
4718000	1.4989E-20
4720000	1.4984E-20
4722000	1.4979E-20
4724000	1.4975E-20
4726000	1.4970E-20
4728000	1.4965E-20
4730000	1.4960E-20
4732000	1.4956E-20
4734000	1.4951E-20
4736000	1.4946E-20
4738000	1.4942E-20
4740000	1.4937E-20
4742000	1.4932E-20
4744000	1.4928E-20
4746000	1.4923E-20
4748000	1.4918E-20
4750000	1.4913E-20
4752000	1.4909E-20
4754000	1.4904E-20
4756000	1.4899E-20
4758000	1.4895E-20
4760000	1.4890E-20
4762000	1.4885E-20
4764000	1.4881E-20
4766000	1.4876E-20
4768000	1.4871E-20
4770000	1.4867E-20
4772000	1.4862E-20
4774000	1.4858E-20
4776000	1.4853E-20
4778000	1.4848E-20
4780000	1.4844E-20
4782000	1.4839E-20
4784000	1.4834E-20
4786000	1.4830E-20
4788000	1.4825E-20
4790000	1.4820E-20
4792000	1.4816E-20
4794000	1.4811E-20
4796000	1.4807E-20
4798000	1.4802E-20
4800000	1.4797E-20
4802000	1.4793E-20
4804000	1.4788E-20
4806000	1.4784E-20
4808000	1.4779E-20
4810000	1.4774E-20
4812000	1.4770E-20
4814000	1.4765E-20
4816000	1.4761E-20
4818000	1.4756E-20
4820000	1.4752E-20
4822000	1.4747E-20
4824000	1.4742E-20
4826000	1.4738E-20
4828000	1.4733E-20
4830000	1.4729E-20
4832000	1.4724E-20
4834000	1.4720E-20
4836000	1.4715E-20
4838000	1.4710E-20
4840000	1.4706E-20
4842000	1.4701E-20
4844000	1.4697E-20
4846000	1.4692E-20
4848000	1.4688E-20
4850000	1.4683E-20
4852000	1.4679E-20
4854000	1.4674E-20
4856000	1.4670E-20
4858000	1.4665E-20
4860000	1.4661E-20
4862000	1.4656E-20
4864000	1.4652E-20
4866000	1.4647E-20
4868000	1.4643E-20
4870000	1.4638E-20
4872000	1.4634E-20
4874000	1.4629E-20
4876000	1.4625E-20
4878000	1.4620E-20
4880000	1.4616E-20
4882000	1.4611E-20
4884000	1.4607E-20
4886000	1.4602E-20
4888000	1.4598E-20
4890000	1.4593E-20
4892000	1.4589E-20
4894000	1.4584E-20
4896000	1.4580E-20
4898000	1.4575E-20
4900000	1.4571E-20
4902000	1.4567E-20
4904000	1.4562E-20
4906000	1.4558E-20
4908000	1.4553E-20
4910000	1.4549E-20
4912000	1.4544E-20
4914000	1.4540E-20
4916000	1.4535E-20
4918000	1.4531E-20
4920000	1.4527E-20
4922000	1.4522E-20
4924000	1.4518E-20
4926000	1.4513E-20
4928000	1.4509E-20
4930000	1.4505E-20
4932000	1.4500E-20
4934000	1.4496E-20
4936000	1.4491E-20
4938000	1.4487E-20
4940000	1.4483E-20
4942000	1.4478E-20
4944000	1.4474E-20
4946000	1.4469E-20
4948000	1.4465E-20
4950000	1.4461E-20
4952000	1.4456E-20
4954000	1.4452E-20
4956000	1.4447E-20
4958000	1.4443E-20
4960000	1.4439E-20
4962000	1.4434E-20
4964000	1.4430E-20
4966000	1.4426E-20
4968000	1.4421E-20
4970000	1.4417E-20
4972000	1.4413E-20
4974000	1.4408E-20
4976000	1.4404E-20
4978000	1.4400E-20
4980000	1.4395E-20
4982000	1.4391E-20
4984000	1.4387E-20
4986000	1.4382E-20
4988000	1.4378E-20
4990000	1.4374E-20
4992000	1.4369E-20
4994000	1.4365E-20
4996000	1.4361E-20
4998000	1.4356E-20
5000000	1.4352E-20
5002000	1.4348E-20
5004000	1.4343E-20
5006000	1.4339E-20
5008000	1.4335E-20
5010000	1.4330E-20
5012000	1.4326E-20
5014000	1.4322E-20
5016000	1.4318E-20
5018000	1.4313E-20
5020000	1.4309E-20
5022000	1.4305E-20
5024000	1.4300E-20
5026000	1.4296E-20
5028000	1.4292E-20
5030000	1.4288E-20
5032000	1.4283E-20
5034000	1.4279E-20
5036000	1.4275E-20
5038000	1.4271E-20
5040000	1.4266E-20
5042000	1.4262E-20
5044000	1.4258E-20
5046000	1.4254E-20
5048000	1.4249E-20
5050000	1.4245E-20
5052000	1.4241E-20
5054000	1.4237E-20
5056000	1.4232E-20
5058000	1.4228E-20
5060000	1.4224E-20
5062000	1.4220E-20
5064000	1.4216E-20
5066000	1.4211E-20
5068000	1.4207E-20
5070000	1.4203E-20
5072000	1.4199E-20
5074000	1.4194E-20
5076000	1.4190E-20
5078000	1.4186E-20
5080000	1.4182E-20
5082000	1.4178E-20
5084000	1.4173E-20
5086000	1.4169E-20
5088000	1.4165E-20
5090000	1.4161E-20
5092000	1.4157E-20
5094000	1.4153E-20
5096000	1.4148E-20
5098000	1.4144E-20
5100000	1.4140E-20
5102000	1.4136E-20
5104000	1.4132E-20
5106000	1.4127E-20
5108000	1.4123E-20
5110000	1.4119E-20
5112000	1.4115E-20
5114000	1.4111E-20
5116000	1.4107E-20
5118000	1.4103E-20
5120000	1.4098E-20
5122000	1.4094E-20
5124000	1.4090E-20
5126000	1.4086E-20
5128000	1.4082E-20
5130000	1.4078E-20
5132000	1.4074E-20
5134000	1.4069E-20
5136000	1.4065E-20
5138000	1.4061E-20
5140000	1.4057E-20
5142000	1.4053E-20
5144000	1.4049E-20
5146000	1.4045E-20
5148000	1.4041E-20
5150000	1.4036E-20
5152000	1.4032E-20
5154000	1.4028E-20
5156000	1.4024E-20
5158000	1.4020E-20
5160000	1.4016E-20
5162000	1.4012E-20
5164000	1.4008E-20
5166000	1.4004E-20
5168000	1.4000E-20
5170000	1.3996E-20
5172000	1.3991E-20
5174000	1.3987E-20
5176000	1.3983E-20
5178000	1.3979E-20
5180000	1.3975E-20
5182000	1.3971E-20
5184000	1.3967E-20
5186000	1.3963E-20
5188000	1.3959E-20
5190000	1.3955E-20
5192000	1.3951E-20
5194000	1.3947E-20
5196000	1.3943E-20
5198000	1.3939E-20
5200000	1.3935E-20
5202000	1.3931E-20
5204000	1.3927E-20
5206000	1.3923E-20
5208000	1.3918E-20
5210000	1.3914E-20
5212000	1.3910E-20
5214000	1.3906E-20
5216000	1.3902E-20
5218000	1.3898E-20
5220000	1.3894E-20
5222000	1.3890E-20
5224000	1.3886E-20
5226000	1.3882E-20
5228000	1.3878E-20
5230000	1.3874E-20
5232000	1.3870E-20
5234000	1.3866E-20
5236000	1.3862E-20
5238000	1.3858E-20
5240000	1.3854E-20
5242000	1.3850E-20
5244000	1.3846E-20
5246000	1.3842E-20
5248000	1.3838E-20
5250000	1.3834E-20
5252000	1.3830E-20
5254000	1.3826E-20
5256000	1.3822E-20
5258000	1.3818E-20
5260000	1.3814E-20
5262000	1.3811E-20
5264000	1.3807E-20
5266000	1.3803E-20
5268000	1.3799E-20
5270000	1.3795E-20
5272000	1.3791E-20
5274000	1.3787E-20
5276000	1.3783E-20
5278000	1.3779E-20
5280000	1.3775E-20
5282000	1.3771E-20
5284000	1.3767E-20
5286000	1.3763E-20
5288000	1.3759E-20
5290000	1.3755E-20
5292000	1.3751E-20
5294000	1.3747E-20
5296000	1.3743E-20
5298000	1.3740E-20
5300000	1.3736E-20
5302000	1.3732E-20
5304000	1.3728E-20
5306000	1.3724E-20
5308000	1.3720E-20
5310000	1.3716E-20
5312000	1.3712E-20
5314000	1.3708E-20
5316000	1.3704E-20
5318000	1.3700E-20
5320000	1.3697E-20
5322000	1.3693E-20
5324000	1.3689E-20
5326000	1.3685E-20
5328000	1.3681E-20
5330000	1.3677E-20
5332000	1.3673E-20
5334000	1.3669E-20
5336000	1.3666E-20
5338000	1.3662E-20
5340000	1.3658E-20
5342000	1.3654E-20
5344000	1.3650E-20
5346000	1.3646E-20
5348000	1.3642E-20
5350000	1.3638E-20
5352000	1.3635E-20
5354000	1.3631E-20
5356000	1.3627E-20
5358000	1.3623E-20
5360000	1.3619E-20
5362000	1.3615E-20
5364000	1.3611E-20
5366000	1.3608E-20
5368000	1.3604E-20
5370000	1.3600E-20
5372000	1.3596E-20
5374000	1.3592E-20
5376000	1.3588E-20
5378000	1.3585E-20
5380000	1.3581E-20
5382000	1.3577E-20
5384000	1.3573E-20
5386000	1.3569E-20
5388000	1.3566E-20
5390000	1.3562E-20
5392000	1.3558E-20
5394000	1.3554E-20
5396000	1.3550E-20
5398000	1.3547E-20
5400000	1.3543E-20
5402000	1.3539E-20
5404000	1.3535E-20
5406000	1.3531E-20
5408000	1.3528E-20
5410000	1.3524E-20
5412000	1.3520E-20
5414000	1.3516E-20
5416000	1.3512E-20
5418000	1.3509E-20
5420000	1.3505E-20
5422000	1.3501E-20
5424000	1.3497E-20
5426000	1.3494E-20
5428000	1.3490E-20
5430000	1.3486E-20
5432000	1.3482E-20
5434000	1.3478E-20
5436000	1.3475E-20
5438000	1.3471E-20
5440000	1.3467E-20
5442000	1.3463E-20
5444000	1.3460E-20
5446000	1.3456E-20
5448000	1.3452E-20
5450000	1.3448E-20
5452000	1.3445E-20
5454000	1.3441E-20
5456000	1.3437E-20
5458000	1.3433E-20
5460000	1.3430E-20
5462000	1.3426E-20
5464000	1.3422E-20
5466000	1.3419E-20
5468000	1.3415E-20
5470000	1.3411E-20
5472000	1.3407E-20
5474000	1.3404E-20
5476000	1.3400E-20
5478000	1.3396E-20
5480000	1.3393E-20
5482000	1.3389E-20
5484000	1.3385E-20
5486000	1.3381E-20
5488000	1.3378E-20
5490000	1.3374E-20
5492000	1.3370E-20
5494000	1.3367E-20
5496000	1.3363E-20
5498000	1.3359E-20
5500000	1.3356E-20
5502000	1.3352E-20
5504000	1.3348E-20
5506000	1.3345E-20
5508000	1.3341E-20
5510000	1.3337E-20
5512000	1.3333E-20
5514000	1.3330E-20
5516000	1.3326E-20
5518000	1.3322E-20
5520000	1.3319E-20
5522000	1.3315E-20
5524000	1.3311E-20
5526000	1.3308E-20
5528000	1.3304E-20
5530000	1.3300E-20
5532000	1.3297E-20
5534000	1.3293E-20
5536000	1.3290E-20
5538000	1.3286E-20
5540000	1.3282E-20
5542000	1.3279E-20
5544000	1.3275E-20
5546000	1.3271E-20
5548000	1.3268E-20
5550000	1.3264E-20
5552000	1.3260E-20
5554000	1.3257E-20
5556000	1.3253E-20
5558000	1.3250E-20
5560000	1.3246E-20
5562000	1.3242E-20
5564000	1.3239E-20
5566000	1.3235E-20
5568000	1.3231E-20
5570000	1.3228E-20
5572000	1.3224E-20
5574000	1.3221E-20
5576000	1.3217E-20
5578000	1.3213E-20
5580000	1.3210E-20
5582000	1.3206E-20
5584000	1.3203E-20
5586000	1.3199E-20
5588000	1.3195E-20
5590000	1.3192E-20
5592000	1.3188E-20
5594000	1.3185E-20
5596000	1.3181E-20
5598000	1.3177E-20
5600000	1.3174E-20
5602000	1.3170E-20
5604000	1.3167E-20
5606000	1.3163E-20
5608000	1.3160E-20
5610000	1.3156E-20
5612000	1.3152E-20
5614000	1.3149E-20
5616000	1.3145E-20
5618000	1.3142E-20
5620000	1.3138E-20
5622000	1.3135E-20
5624000	1.3131E-20
5626000	1.3128E-20
5628000	1.3124E-20
5630000	1.3120E-20
5632000	1.3117E-20
5634000	1.3113E-20
5636000	1.3110E-20
5638000	1.3106E-20
5640000	1.3103E-20
5642000	1.3099E-20
5644000	1.3096E-20
5646000	1.3092E-20
5648000	1.3089E-20
5650000	1.3085E-20
5652000	1.3082E-20
5654000	1.3078E-20
5656000	1.3075E-20
5658000	1.3071E-20
5660000	1.3067E-20
5662000	1.3064E-20
5664000	1.3060E-20
5666000	1.3057E-20
5668000	1.3053E-20
5670000	1.3050E-20
5672000	1.3046E-20
5674000	1.3043E-20
5676000	1.3039E-20
5678000	1.3036E-20
5680000	1.3032E-20
5682000	1.3029E-20
5684000	1.3025E-20
5686000	1.3022E-20
5688000	1.3018E-20
5690000	1.3015E-20
5692000	1.3011E-20
5694000	1.3008E-20
5696000	1.3005E-20
5698000	1.3001E-20
5700000	1.2998E-20
5702000	1.2994E-20
5704000	1.2991E-20
5706000	1.2987E-20
5708000	1.2984E-20
5710000	1.2980E-20
5712000	1.2977E-20
5714000	1.2973E-20
5716000	1.2970E-20
5718000	1.2966E-20
5720000	1.2963E-20
5722000	1.2959E-20
5724000	1.2956E-20
5726000	1.2953E-20
5728000	1.2949E-20
5730000	1.2946E-20
5732000	1.2942E-20
5734000	1.2939E-20
5736000	1.2935E-20
5738000	1.2932E-20
5740000	1.2928E-20
5742000	1.2925E-20
5744000	1.2922E-20
5746000	1.2918E-20
5748000	1.2915E-20
5750000	1.2911E-20
5752000	1.2908E-20
5754000	1.2904E-20
5756000	1.2901E-20
5758000	1.2898E-20
5760000	1.2894E-20
5762000	1.2891E-20
5764000	1.2887E-20
5766000	1.2884E-20
5768000	1.2881E-20
5770000	1.2877E-20
5772000	1.2874E-20
5774000	1.2870E-20
5776000	1.2867E-20
5778000	1.2864E-20
5780000	1.2860E-20
5782000	1.2857E-20
5784000	1.2853E-20
5786000	1.2850E-20
5788000	1.2847E-20
5790000	1.2843E-20
5792000	1.2840E-20
5794000	1.2836E-20
5796000	1.2833E-20
5798000	1.2830E-20
5800000	1.2826E-20
5802000	1.2823E-20
5804000	1.2819E-20
5806000	1.2816E-20
5808000	1.2813E-20
5810000	1.2809E-20
5812000	1.2806E-20
5814000	1.2803E-20
5816000	1.2799E-20
5818000	1.2796E-20
5820000	1.2793E-20
5822000	1.2789E-20
5824000	1.2786E-20
5826000	1.2782E-20
5828000	1.2779E-20
5830000	1.2776E-20
5832000	1.2772E-20
5834000	1.2769E-20
5836000	1.2766E-20
5838000	1.2762E-20
5840000	1.2759E-20
5842000	1.2756E-20
5844000	1.2752E-20
5846000	1.2749E-20
5848000	1.2746E-20
5850000	1.2742E-20
5852000	1.2739E-20
5854000	1.2736E-20
5856000	1.2732E-20
5858000	1.2729E-20
5860000	1.2726E-20
5862000	1.2722E-20
5864000	1.2719E-20
5866000	1.2716E-20
5868000	1.2713E-20
5870000	1.2709E-20
5872000	1.2706E-20
5874000	1.2703E-20
5876000	1.2699E-20
5878000	1.2696E-20
5880000	1.2693E-20
5882000	1.2689E-20
5884000	1.2686E-20
5886000	1.2683E-20
5888000	1.2679E-20
5890000	1.2676E-20
5892000	1.2673E-20
5894000	1.2670E-20
5896000	1.2666E-20
5898000	1.2663E-20
5900000	1.2660E-20
5902000	1.2656E-20
5904000	1.2653E-20
5906000	1.2650E-20
5908000	1.2647E-20
5910000	1.2643E-20
5912000	1.2640E-20
5914000	1.2637E-20
5916000	1.2634E-20
5918000	1.2630E-20
5920000	1.2627E-20
5922000	1.2624E-20
5924000	1.2620E-20
5926000	1.2617E-20
5928000	1.2614E-20
5930000	1.2611E-20
5932000	1.2607E-20
5934000	1.2604E-20
5936000	1.2601E-20
5938000	1.2598E-20
5940000	1.2594E-20
5942000	1.2591E-20
5944000	1.2588E-20
5946000	1.2585E-20
5948000	1.2581E-20
5950000	1.2578E-20
5952000	1.2575E-20
5954000	1.2572E-20
5956000	1.2569E-20
5958000	1.2565E-20
5960000	1.2562E-20
5962000	1.2559E-20
5964000	1.2556E-20
5966000	1.2552E-20
5968000	1.2549E-20
5970000	1.2546E-20
5972000	1.2543E-20
5974000	1.2540E-20
5976000	1.2536E-20
5978000	1.2533E-20
5980000	1.2530E-20
5982000	1.2527E-20
5984000	1.2523E-20
5986000	1.2520E-20
5988000	1.2517E-20
5990000	1.2514E-20
5992000	1.2511E-20
5994000	1.2507E-20
5996000	1.2504E-20
5998000	1.2501E-20
6000000	1.2498E-20
6002000	1.2495E-20
6004000	1.2491E-20
6006000	1.2488E-20
6008000	1.2485E-20
6010000	1.2482E-20
6012000	1.2479E-20
6014000	1.2476E-20
6016000	1.2472E-20
6018000	1.2469E-20
6020000	1.2466E-20
6022000	1.2463E-20
6024000	1.2460E-20
6026000	1.2457E-20
6028000	1.2453E-20
6030000	1.2450E-20
6032000	1.2447E-20
6034000	1.2444E-20
6036000	1.2441E-20
6038000	1.2438E-20
6040000	1.2434E-20
6042000	1.2431E-20
6044000	1.2428E-20
6046000	1.2425E-20
6048000	1.2422E-20
6050000	1.2419E-20
6052000	1.2415E-20
6054000	1.2412E-20
6056000	1.2409E-20
6058000	1.2406E-20
6060000	1.2403E-20
6062000	1.2400E-20
6064000	1.2397E-20
6066000	1.2393E-20
6068000	1.2390E-20
6070000	1.2387E-20
6072000	1.2384E-20
6074000	1.2381E-20
6076000	1.2378E-20
6078000	1.2375E-20
6080000	1.2372E-20
6082000	1.2368E-20
6084000	1.2365E-20
6086000	1.2362E-20
6088000	1.2359E-20
6090000	1.2356E-20
6092000	1.2353E-20
6094000	1.2350E-20
6096000	1.2347E-20
6098000	1.2344E-20
6100000	1.2340E-20
6102000	1.2337E-20
6104000	1.2334E-20
6106000	1.2331E-20
6108000	1.2328E-20
6110000	1.2325E-20
6112000	1.2322E-20
6114000	1.2319E-20
6116000	1.2316E-20
6118000	1.2313E-20
6120000	1.2309E-20
6122000	1.2306E-20
6124000	1.2303E-20
6126000	1.2300E-20
6128000	1.2297E-20
6130000	1.2294E-20
6132000	1.2291E-20
6134000	1.2288E-20
6136000	1.2285E-20
6138000	1.2282E-20
6140000	1.2279E-20
6142000	1.2276E-20
6144000	1.2272E-20
6146000	1.2269E-20
6148000	1.2266E-20
6150000	1.2263E-20
6152000	1.2260E-20
6154000	1.2257E-20
6156000	1.2254E-20
6158000	1.2251E-20
6160000	1.2248E-20
6162000	1.2245E-20
6164000	1.2242E-20
6166000	1.2239E-20
6168000	1.2236E-20
6170000	1.2233E-20
6172000	1.2230E-20
6174000	1.2227E-20
6176000	1.2224E-20
6178000	1.2221E-20
6180000	1.2218E-20
6182000	1.2214E-20
6184000	1.2211E-20
6186000	1.2208E-20
6188000	1.2205E-20
6190000	1.2202E-20
6192000	1.2199E-20
6194000	1.2196E-20
6196000	1.2193E-20
6198000	1.2190E-20
6200000	1.2187E-20
6202000	1.2184E-20
6204000	1.2181E-20
6206000	1.2178E-20
6208000	1.2175E-20
6210000	1.2172E-20
6212000	1.2169E-20
6214000	1.2166E-20
6216000	1.2163E-20
6218000	1.2160E-20
6220000	1.2157E-20
6222000	1.2154E-20
6224000	1.2151E-20
6226000	1.2148E-20
6228000	1.2145E-20
6230000	1.2142E-20
6232000	1.2139E-20
6234000	1.2136E-20
6236000	1.2133E-20
6238000	1.2130E-20
6240000	1.2127E-20
6242000	1.2124E-20
6244000	1.2121E-20
6246000	1.2118E-20
6248000	1.2115E-20
6250000	1.2112E-20
6252000	1.2109E-20
6254000	1.2106E-20
6256000	1.2103E-20
6258000	1.2100E-20
6260000	1.2097E-20
6262000	1.2094E-20
6264000	1.2091E-20
6266000	1.2088E-20
6268000	1.2085E-20
6270000	1.2082E-20
6272000	1.2079E-20
6274000	1.2076E-20
6276000	1.2073E-20
6278000	1.2071E-20
6280000	1.2068E-20
6282000	1.2065E-20
6284000	1.2062E-20
6286000	1.2059E-20
6288000	1.2056E-20
6290000	1.2053E-20
6292000	1.2050E-20
6294000	1.2047E-20
6296000	1.2044E-20
6298000	1.2041E-20
6300000	1.2038E-20
6302000	1.2035E-20
6304000	1.2032E-20
6306000	1.2029E-20
6308000	1.2026E-20
6310000	1.2023E-20
6312000	1.2020E-20
6314000	1.2017E-20
6316000	1.2015E-20
6318000	1.2012E-20
6320000	1.2009E-20
6322000	1.2006E-20
6324000	1.2003E-20
6326000	1.2000E-20
6328000	1.1997E-20
6330000	1.1994E-20
6332000	1.1991E-20
6334000	1.1988E-20
6336000	1.1985E-20
6338000	1.1982E-20
6340000	1.1980E-20
6342000	1.1977E-20
6344000	1.1974E-20
6346000	1.1971E-20
6348000	1.1968E-20
6350000	1.1965E-20
6352000	1.1962E-20
6354000	1.1959E-20
6356000	1.1956E-20
6358000	1.1953E-20
6360000	1.1950E-20
6362000	1.1948E-20
6364000	1.1945E-20
6366000	1.1942E-20
6368000	1.1939E-20
6370000	1.1936E-20
6372000	1.1933E-20
6374000	1.1930E-20
6376000	1.1927E-20
6378000	1.1924E-20
6380000	1.1922E-20
6382000	1.1919E-20
6384000	1.1916E-20
6386000	1.1913E-20
6388000	1.1910E-20
6390000	1.1907E-20
6392000	1.1904E-20
6394000	1.1901E-20
6396000	1.1899E-20
6398000	1.1896E-20
6400000	1.1893E-20
6402000	1.1890E-20
6404000	1.1887E-20
6406000	1.1884E-20
6408000	1.1881E-20
6410000	1.1879E-20
6412000	1.1876E-20
6414000	1.1873E-20
6416000	1.1870E-20
6418000	1.1867E-20
6420000	1.1864E-20
6422000	1.1861E-20
6424000	1.1859E-20
6426000	1.1856E-20
6428000	1.1853E-20
6430000	1.1850E-20
6432000	1.1847E-20
6434000	1.1844E-20
6436000	1.1841E-20
6438000	1.1839E-20
6440000	1.1836E-20
6442000	1.1833E-20
6444000	1.1830E-20
6446000	1.1827E-20
6448000	1.1824E-20
6450000	1.1822E-20
6452000	1.1819E-20
6454000	1.1816E-20
6456000	1.1813E-20
6458000	1.1810E-20
6460000	1.1807E-20
6462000	1.1805E-20
6464000	1.1802E-20
6466000	1.1799E-20
6468000	1.1796E-20
6470000	1.1793E-20
6472000	1.1791E-20
6474000	1.1788E-20
6476000	1.1785E-20
6478000	1.1782E-20
6480000	1.1779E-20
6482000	1.1777E-20
6484000	1.1774E-20
6486000	1.1771E-20
6488000	1.1768E-20
6490000	1.1765E-20
6492000	1.1763E-20
6494000	1.1760E-20
6496000	1.1757E-20
6498000	1.1754E-20
6500000	1.1751E-20
6502000	1.1749E-20
6504000	1.1746E-20
6506000	1.1743E-20
6508000	1.1740E-20
6510000	1.1737E-20
6512000	1.1735E-20
6514000	1.1732E-20
6516000	1.1729E-20
6518000	1.1726E-20
6520000	1.1723E-20
6522000	1.1721E-20
6524000	1.1718E-20
6526000	1.1715E-20
6528000	1.1712E-20
6530000	1.1710E-20
6532000	1.1707E-20
6534000	1.1704E-20
6536000	1.1701E-20
6538000	1.1699E-20
6540000	1.1696E-20
6542000	1.1693E-20
6544000	1.1690E-20
6546000	1.1687E-20
6548000	1.1685E-20
6550000	1.1682E-20
6552000	1.1679E-20
6554000	1.1676E-20
6556000	1.1674E-20
6558000	1.1671E-20
6560000	1.1668E-20
6562000	1.1665E-20
6564000	1.1663E-20
6566000	1.1660E-20
6568000	1.1657E-20
6570000	1.1654E-20
6572000	1.1652E-20
6574000	1.1649E-20
6576000	1.1646E-20
6578000	1.1643E-20
6580000	1.1641E-20
6582000	1.1638E-20
6584000	1.1635E-20
6586000	1.1633E-20
6588000	1.1630E-20
6590000	1.1627E-20
6592000	1.1624E-20
6594000	1.1622E-20
6596000	1.1619E-20
6598000	1.1616E-20
6600000	1.1613E-20
6602000	1.1611E-20
6604000	1.1608E-20
6606000	1.1605E-20
6608000	1.1603E-20
6610000	1.1600E-20
6612000	1.1597E-20
6614000	1.1594E-20
6616000	1.1592E-20
6618000	1.1589E-20
6620000	1.1586E-20
6622000	1.1584E-20
6624000	1.1581E-20
6626000	1.1578E-20
6628000	1.1575E-20
6630000	1.1573E-20
6632000	1.1570E-20
6634000	1.1567E-20
6636000	1.1565E-20
6638000	1.1562E-20
6640000	1.1559E-20
6642000	1.1557E-20
6644000	1.1554E-20
6646000	1.1551E-20
6648000	1.1549E-20
6650000	1.1546E-20
6652000	1.1543E-20
6654000	1.1540E-20
6656000	1.1538E-20
6658000	1.1535E-20
6660000	1.1532E-20
6662000	1.1530E-20
6664000	1.1527E-20
6666000	1.1524E-20
6668000	1.1522E-20
6670000	1.1519E-20
6672000	1.1516E-20
6674000	1.1514E-20
6676000	1.1511E-20
6678000	1.1508E-20
6680000	1.1506E-20
6682000	1.1503E-20
6684000	1.1500E-20
6686000	1.1498E-20
6688000	1.1495E-20
6690000	1.1492E-20
6692000	1.1490E-20
6694000	1.1487E-20
6696000	1.1484E-20
6698000	1.1482E-20
6700000	1.1479E-20
6702000	1.1476E-20
6704000	1.1474E-20
6706000	1.1471E-20
6708000	1.1468E-20
6710000	1.1466E-20
6712000	1.1463E-20
6714000	1.1460E-20
6716000	1.1458E-20
6718000	1.1455E-20
6720000	1.1453E-20
6722000	1.1450E-20
6724000	1.1447E-20
6726000	1.1445E-20
6728000	1.1442E-20
6730000	1.1439E-20
6732000	1.1437E-20
6734000	1.1434E-20
6736000	1.1431E-20
6738000	1.1429E-20
6740000	1.1426E-20
6742000	1.1424E-20
6744000	1.1421E-20
6746000	1.1418E-20
6748000	1.1416E-20
6750000	1.1413E-20
6752000	1.1410E-20
6754000	1.1408E-20
6756000	1.1405E-20
6758000	1.1403E-20
6760000	1.1400E-20
6762000	1.1397E-20
6764000	1.1395E-20
6766000	1.1392E-20
6768000	1.1390E-20
6770000	1.1387E-20
6772000	1.1384E-20
6774000	1.1382E-20
6776000	1.1379E-20
6778000	1.1377E-20
6780000	1.1374E-20
6782000	1.1371E-20
6784000	1.1369E-20
6786000	1.1366E-20
6788000	1.1364E-20
6790000	1.1361E-20
6792000	1.1358E-20
6794000	1.1356E-20
6796000	1.1353E-20
6798000	1.1351E-20
6800000	1.1348E-20
6802000	1.1345E-20
6804000	1.1343E-20
6806000	1.1340E-20
6808000	1.1338E-20
6810000	1.1335E-20
6812000	1.1332E-20
6814000	1.1330E-20
6816000	1.1327E-20
6818000	1.1325E-20
6820000	1.1322E-20
6822000	1.1320E-20
6824000	1.1317E-20
6826000	1.1314E-20
6828000	1.1312E-20
6830000	1.1309E-20
6832000	1.1307E-20
6834000	1.1304E-20
6836000	1.1302E-20
6838000	1.1299E-20
6840000	1.1296E-20
6842000	1.1294E-20
6844000	1.1291E-20
6846000	1.1289E-20
6848000	1.1286E-20
6850000	1.1284E-20
6852000	1.1281E-20
6854000	1.1279E-20
6856000	1.1276E-20
6858000	1.1273E-20
6860000	1.1271E-20
6862000	1.1268E-20
6864000	1.1266E-20
6866000	1.1263E-20
6868000	1.1261E-20
6870000	1.1258E-20
6872000	1.1256E-20
6874000	1.1253E-20
6876000	1.1250E-20
6878000	1.1248E-20
6880000	1.1245E-20
6882000	1.1243E-20
6884000	1.1240E-20
6886000	1.1238E-20
6888000	1.1235E-20
6890000	1.1233E-20
6892000	1.1230E-20
6894000	1.1228E-20
6896000	1.1225E-20
6898000	1.1223E-20
6900000	1.1220E-20
6902000	1.1218E-20
6904000	1.1215E-20
6906000	1.1213E-20
6908000	1.1210E-20
6910000	1.1207E-20
6912000	1.1205E-20
6914000	1.1202E-20
6916000	1.1200E-20
6918000	1.1197E-20
6920000	1.1195E-20
6922000	1.1192E-20
6924000	1.1190E-20
6926000	1.1187E-20
6928000	1.1185E-20
6930000	1.1182E-20
6932000	1.1180E-20
6934000	1.1177E-20
6936000	1.1175E-20
6938000	1.1172E-20
6940000	1.1170E-20
6942000	1.1167E-20
6944000	1.1165E-20
6946000	1.1162E-20
6948000	1.1160E-20
6950000	1.1157E-20
6952000	1.1155E-20
6954000	1.1152E-20
6956000	1.1150E-20
6958000	1.1147E-20
6960000	1.1145E-20
6962000	1.1142E-20
6964000	1.1140E-20
6966000	1.1137E-20
6968000	1.1135E-20
6970000	1.1132E-20
6972000	1.1130E-20
6974000	1.1127E-20
6976000	1.1125E-20
6978000	1.1122E-20
6980000	1.1120E-20
6982000	1.1118E-20
6984000	1.1115E-20
6986000	1.1113E-20
6988000	1.1110E-20
6990000	1.1108E-20
6992000	1.1105E-20
6994000	1.1103E-20
6996000	1.1100E-20
6998000	1.1098E-20
7000000	1.1095E-20
7002000	1.1093E-20
7004000	1.1090E-20
7006000	1.1088E-20
7008000	1.1085E-20
7010000	1.1083E-20
7012000	1.1081E-20
7014000	1.1078E-20
7016000	1.1076E-20
7018000	1.1073E-20
7020000	1.1071E-20
7022000	1.1068E-20
7024000	1.1066E-20
7026000	1.1063E-20
7028000	1.1061E-20
7030000	1.1058E-20
7032000	1.1056E-20
7034000	1.1054E-20
7036000	1.1051E-20
7038000	1.1049E-20
7040000	1.1046E-20
7042000	1.1044E-20
7044000	1.1041E-20
7046000	1.1039E-20
7048000	1.1036E-20
7050000	1.1034E-20
7052000	1.1032E-20
7054000	1.1029E-20
7056000	1.1027E-20
7058000	1.1024E-20
7060000	1.1022E-20
7062000	1.1019E-20
7064000	1.1017E-20
7066000	1.1015E-20
7068000	1.1012E-20
7070000	1.1010E-20
7072000	1.1007E-20
7074000	1.1005E-20
7076000	1.1002E-20
7078000	1.1000E-20
7080000	1.0998E-20
7082000	1.0995E-20
7084000	1.0993E-20
7086000	1.0990E-20
7088000	1.0988E-20
7090000	1.0986E-20
7092000	1.0983E-20
7094000	1.0981E-20
7096000	1.0978E-20
7098000	1.0976E-20
7100000	1.0973E-20
7102000	1.0971E-20
7104000	1.0969E-20
7106000	1.0966E-20
7108000	1.0964E-20
7110000	1.0961E-20
7112000	1.0959E-20
7114000	1.0957E-20
7116000	1.0954E-20
7118000	1.0952E-20
7120000	1.0949E-20
7122000	1.0947E-20
7124000	1.0945E-20
7126000	1.0942E-20
7128000	1.0940E-20
7130000	1.0937E-20
7132000	1.0935E-20
7134000	1.0933E-20
7136000	1.0930E-20
7138000	1.0928E-20
7140000	1.0926E-20
7142000	1.0923E-20
7144000	1.0921E-20
7146000	1.0918E-20
7148000	1.0916E-20
7150000	1.0914E-20
7152000	1.0911E-20
7154000	1.0909E-20
7156000	1.0907E-20
7158000	1.0904E-20
7160000	1.0902E-20
7162000	1.0899E-20
7164000	1.0897E-20
7166000	1.0895E-20
7168000	1.0892E-20
7170000	1.0890E-20
7172000	1.0888E-20
7174000	1.0885E-20
7176000	1.0883E-20
7178000	1.0880E-20
7180000	1.0878E-20
7182000	1.0876E-20
7184000	1.0873E-20
7186000	1.0871E-20
7188000	1.0869E-20
7190000	1.0866E-20
7192000	1.0864E-20
7194000	1.0862E-20
7196000	1.0859E-20
7198000	1.0857E-20
7200000	1.0855E-20
7202000	1.0852E-20
7204000	1.0850E-20
7206000	1.0847E-20
7208000	1.0845E-20
7210000	1.0843E-20
7212000	1.0840E-20
7214000	1.0838E-20
7216000	1.0836E-20
7218000	1.0833E-20
7220000	1.0831E-20
7222000	1.0829E-20
7224000	1.0826E-20
7226000	1.0824E-20
7228000	1.0822E-20
7230000	1.0819E-20
7232000	1.0817E-20
7234000	1.0815E-20
7236000	1.0812E-20
7238000	1.0810E-20
7240000	1.0808E-20
7242000	1.0805E-20
7244000	1.0803E-20
7246000	1.0801E-20
7248000	1.0798E-20
7250000	1.0796E-20
7252000	1.0794E-20
7254000	1.0791E-20
7256000	1.0789E-20
7258000	1.0787E-20
7260000	1.0784E-20
7262000	1.0782E-20
7264000	1.0780E-20
7266000	1.0778E-20
7268000	1.0775E-20
7270000	1.0773E-20
7272000	1.0771E-20
7274000	1.0768E-20
7276000	1.0766E-20
7278000	1.0764E-20
7280000	1.0761E-20
7282000	1.0759E-20
7284000	1.0757E-20
7286000	1.0754E-20
7288000	1.0752E-20
7290000	1.0750E-20
7292000	1.0748E-20
7294000	1.0745E-20
7296000	1.0743E-20
7298000	1.0741E-20
7300000	1.0738E-20
7302000	1.0736E-20
7304000	1.0734E-20
7306000	1.0731E-20
7308000	1.0729E-20
7310000	1.0727E-20
7312000	1.0725E-20
7314000	1.0722E-20
7316000	1.0720E-20
7318000	1.0718E-20
7320000	1.0715E-20
7322000	1.0713E-20
7324000	1.0711E-20
7326000	1.0709E-20
7328000	1.0706E-20
7330000	1.0704E-20
7332000	1.0702E-20
7334000	1.0699E-20
7336000	1.0697E-20
7338000	1.0695E-20
7340000	1.0693E-20
7342000	1.0690E-20
7344000	1.0688E-20
7346000	1.0686E-20
7348000	1.0684E-20
7350000	1.0681E-20
7352000	1.0679E-20
7354000	1.0677E-20
7356000	1.0674E-20
7358000	1.0672E-20
7360000	1.0670E-20
7362000	1.0668E-20
7364000	1.0665E-20
7366000	1.0663E-20
7368000	1.0661E-20
7370000	1.0659E-20
7372000	1.0656E-20
7374000	1.0654E-20
7376000	1.0652E-20
7378000	1.0650E-20
7380000	1.0647E-20
7382000	1.0645E-20
7384000	1.0643E-20
7386000	1.0641E-20
7388000	1.0638E-20
7390000	1.0636E-20
7392000	1.0634E-20
7394000	1.0632E-20
7396000	1.0629E-20
7398000	1.0627E-20
7400000	1.0625E-20
7402000	1.0623E-20
7404000	1.0620E-20
7406000	1.0618E-20
7408000	1.0616E-20
7410000	1.0614E-20
7412000	1.0611E-20
7414000	1.0609E-20
7416000	1.0607E-20
7418000	1.0605E-20
7420000	1.0602E-20
7422000	1.0600E-20
7424000	1.0598E-20
7426000	1.0596E-20
7428000	1.0593E-20
7430000	1.0591E-20
7432000	1.0589E-20
7434000	1.0587E-20
7436000	1.0585E-20
7438000	1.0582E-20
7440000	1.0580E-20
7442000	1.0578E-20
7444000	1.0576E-20
7446000	1.0573E-20
7448000	1.0571E-20
7450000	1.0569E-20
7452000	1.0567E-20
7454000	1.0565E-20
7456000	1.0562E-20
7458000	1.0560E-20
7460000	1.0558E-20
7462000	1.0556E-20
7464000	1.0554E-20
7466000	1.0551E-20
7468000	1.0549E-20
7470000	1.0547E-20
7472000	1.0545E-20
7474000	1.0542E-20
7476000	1.0540E-20
7478000	1.0538E-20
7480000	1.0536E-20
7482000	1.0534E-20
7484000	1.0531E-20
7486000	1.0529E-20
7488000	1.0527E-20
7490000	1.0525E-20
7492000	1.0523E-20
7494000	1.0520E-20
7496000	1.0518E-20
7498000	1.0516E-20
7500000	1.0514E-20
7502000	1.0512E-20
7504000	1.0509E-20
7506000	1.0507E-20
7508000	1.0505E-20
7510000	1.0503E-20
7512000	1.0501E-20
7514000	1.0499E-20
7516000	1.0496E-20
7518000	1.0494E-20
7520000	1.0492E-20
7522000	1.0490E-20
7524000	1.0488E-20
7526000	1.0485E-20
7528000	1.0483E-20
7530000	1.0481E-20
7532000	1.0479E-20
7534000	1.0477E-20
7536000	1.0475E-20
7538000	1.0472E-20
7540000	1.0470E-20
7542000	1.0468E-20
7544000	1.0466E-20
7546000	1.0464E-20
7548000	1.0462E-20
7550000	1.0459E-20
7552000	1.0457E-20
7554000	1.0455E-20
7556000	1.0453E-20
7558000	1.0451E-20
7560000	1.0449E-20
7562000	1.0446E-20
7564000	1.0444E-20
7566000	1.0442E-20
7568000	1.0440E-20
7570000	1.0438E-20
7572000	1.0436E-20
7574000	1.0433E-20
7576000	1.0431E-20
7578000	1.0429E-20
7580000	1.0427E-20
7582000	1.0425E-20
7584000	1.0423E-20
7586000	1.0420E-20
7588000	1.0418E-20
7590000	1.0416E-20
7592000	1.0414E-20
7594000	1.0412E-20
7596000	1.0410E-20
7598000	1.0408E-20
7600000	1.0405E-20
7602000	1.0403E-20
7604000	1.0401E-20
7606000	1.0399E-20
7608000	1.0397E-20
7610000	1.0395E-20
7612000	1.0393E-20
7614000	1.0390E-20
7616000	1.0388E-20
7618000	1.0386E-20
7620000	1.0384E-20
7622000	1.0382E-20
7624000	1.0380E-20
7626000	1.0378E-20
7628000	1.0375E-20
7630000	1.0373E-20
7632000	1.0371E-20
7634000	1.0369E-20
7636000	1.0367E-20
7638000	1.0365E-20
7640000	1.0363E-20
7642000	1.0361E-20
7644000	1.0358E-20
7646000	1.0356E-20
7648000	1.0354E-20
7650000	1.0352E-20
7652000	1.0350E-20
7654000	1.0348E-20
7656000	1.0346E-20
7658000	1.0344E-20
7660000	1.0342E-20
7662000	1.0339E-20
7664000	1.0337E-20
7666000	1.0335E-20
7668000	1.0333E-20
7670000	1.0331E-20
7672000	1.0329E-20
7674000	1.0327E-20
7676000	1.0325E-20
7678000	1.0322E-20
7680000	1.0320E-20
7682000	1.0318E-20
7684000	1.0316E-20
7686000	1.0314E-20
7688000	1.0312E-20
7690000	1.0310E-20
7692000	1.0308E-20
7694000	1.0306E-20
7696000	1.0304E-20
7698000	1.0301E-20
7700000	1.0299E-20
7702000	1.0297E-20
7704000	1.0295E-20
7706000	1.0293E-20
7708000	1.0291E-20
7710000	1.0289E-20
7712000	1.0287E-20
7714000	1.0285E-20
7716000	1.0283E-20
7718000	1.0281E-20
7720000	1.0278E-20
7722000	1.0276E-20
7724000	1.0274E-20
7726000	1.0272E-20
7728000	1.0270E-20
7730000	1.0268E-20
7732000	1.0266E-20
7734000	1.0264E-20
7736000	1.0262E-20
7738000	1.0260E-20
7740000	1.0258E-20
7742000	1.0256E-20
7744000	1.0253E-20
7746000	1.0251E-20
7748000	1.0249E-20
7750000	1.0247E-20
7752000	1.0245E-20
7754000	1.0243E-20
7756000	1.0241E-20
7758000	1.0239E-20
7760000	1.0237E-20
7762000	1.0235E-20
7764000	1.0233E-20
7766000	1.0231E-20
7768000	1.0229E-20
7770000	1.0227E-20
7772000	1.0224E-20
7774000	1.0222E-20
7776000	1.0220E-20
7778000	1.0218E-20
7780000	1.0216E-20
7782000	1.0214E-20
7784000	1.0212E-20
7786000	1.0210E-20
7788000	1.0208E-20
7790000	1.0206E-20
7792000	1.0204E-20
7794000	1.0202E-20
7796000	1.0200E-20
7798000	1.0198E-20
7800000	1.0196E-20
7802000	1.0194E-20
7804000	1.0192E-20
7806000	1.0189E-20
7808000	1.0187E-20
7810000	1.0185E-20
7812000	1.0183E-20
7814000	1.0181E-20
7816000	1.0179E-20
7818000	1.0177E-20
7820000	1.0175E-20
7822000	1.0173E-20
7824000	1.0171E-20
7826000	1.0169E-20
7828000	1.0167E-20
7830000	1.0165E-20
7832000	1.0163E-20
7834000	1.0161E-20
7836000	1.0159E-20
7838000	1.0157E-20
7840000	1.0155E-20
7842000	1.0153E-20
7844000	1.0151E-20
7846000	1.0149E-20
7848000	1.0147E-20
7850000	1.0145E-20
7852000	1.0143E-20
7854000	1.0141E-20
7856000	1.0139E-20
7858000	1.0136E-20
7860000	1.0134E-20
7862000	1.0132E-20
7864000	1.0130E-20
7866000	1.0128E-20
7868000	1.0126E-20
7870000	1.0124E-20
7872000	1.0122E-20
7874000	1.0120E-20
7876000	1.0118E-20
7878000	1.0116E-20
7880000	1.0114E-20
7882000	1.0112E-20
7884000	1.0110E-20
7886000	1.0108E-20
7888000	1.0106E-20
7890000	1.0104E-20
7892000	1.0102E-20
7894000	1.0100E-20
7896000	1.0098E-20
7898000	1.0096E-20
7900000	1.0094E-20
7902000	1.0092E-20
7904000	1.0090E-20
7906000	1.0088E-20
7908000	1.0086E-20
7910000	1.0084E-20
7912000	1.0082E-20
7914000	1.0080E-20
7916000	1.0078E-20
7918000	1.0076E-20
7920000	1.0074E-20
7922000	1.0072E-20
7924000	1.0070E-20
7926000	1.0068E-20
7928000	1.0066E-20
7930000	1.0064E-20
7932000	1.0062E-20
7934000	1.0060E-20
7936000	1.0058E-20
7938000	1.0056E-20
7940000	1.0054E-20
7942000	1.0052E-20
7944000	1.0050E-20
7946000	1.0048E-20
7948000	1.0046E-20
7950000	1.0044E-20
7952000	1.0042E-20
7954000	1.0040E-20
7956000	1.0038E-20
7958000	1.0036E-20
7960000	1.0034E-20
7962000	1.0032E-20
7964000	1.0030E-20
7966000	1.0028E-20
7968000	1.0026E-20
7970000	1.0024E-20
7972000	1.0022E-20
7974000	1.0020E-20
7976000	1.0018E-20
7978000	1.0016E-20
7980000	1.0015E-20
7982000	1.0013E-20
7984000	1.0011E-20
7986000	1.0009E-20
7988000	1.0007E-20
7990000	1.0005E-20
7992000	1.0003E-20
7994000	1.0001E-20
7996000	9.9987E-21
7998000	9.9968E-21
8000000	9.9948E-21
