0	0.0000E+00
2000	6.6426E-21
4000	1.0729E-20
6000	1.4137E-20
8000	1.7124E-20
10000	1.9797E-20
12000	2.2216E-20
14000	2.4419E-20
16000	2.6433E-20
18000	2.8278E-20
20000	2.9970E-20
22000	3.1524E-20
24000	3.2950E-20
26000	3.4260E-20
28000	3.5461E-20
30000	3.6563E-20
32000	3.7573E-20
34000	3.8497E-20
36000	3.9341E-20
38000	4.0112E-20
40000	4.0814E-20
42000	4.1453E-20
44000	4.2032E-20
46000	4.2556E-20
48000	4.3029E-20
50000	4.3455E-20
52000	4.3836E-20
54000	4.4176E-20
56000	4.4478E-20
58000	4.4744E-20
60000	4.4976E-20
62000	4.5178E-20
64000	4.5352E-20
66000	4.5498E-20
68000	4.5620E-20
70000	4.5719E-20
72000	4.5796E-20
74000	4.5853E-20
76000	4.5892E-20
78000	4.5913E-20
80000	4.5919E-20
82000	4.5910E-20
84000	4.5886E-20
86000	4.5850E-20
88000	4.5803E-20
90000	4.5744E-20
92000	4.5675E-20
94000	4.5596E-20
96000	4.5509E-20
98000	4.5414E-20
100000	4.5311E-20
102000	4.5201E-20
104000	4.5085E-20
106000	4.4963E-20
108000	4.4835E-20
110000	4.4703E-20
112000	4.4566E-20
114000	4.4425E-20
116000	4.4280E-20
118000	4.4131E-20
120000	4.3980E-20
122000	4.3825E-20
124000	4.3668E-20
126000	4.3508E-20
128000	4.3346E-20
130000	4.3183E-20
132000	4.3017E-20
134000	4.2851E-20
136000	4.2682E-20
138000	4.2513E-20
140000	4.2343E-20
142000	4.2171E-20
144000	4.1999E-20
146000	4.1827E-20
148000	4.1654E-20
150000	4.1481E-20
152000	4.1307E-20
154000	4.1133E-20
156000	4.0959E-20
158000	4.0785E-20
160000	4.0612E-20
162000	4.0438E-20
164000	4.0265E-20
166000	4.0092E-20
168000	3.9919E-20
170000	3.9747E-20
172000	3.9575E-20
174000	3.9404E-20
176000	3.9233E-20
178000	3.9063E-20
180000	3.8894E-20
182000	3.8725E-20
184000	3.8557E-20
186000	3.8390E-20
188000	3.8224E-20
190000	3.8058E-20
192000	3.7893E-20
194000	3.7729E-20
196000	3.7566E-20
198000	3.7404E-20
200000	3.7242E-20
202000	3.7082E-20
204000	3.6922E-20
206000	3.6763E-20
208000	3.6606E-20
210000	3.6449E-20
212000	3.6293E-20
214000	3.6138E-20
216000	3.5985E-20
218000	3.5832E-20
220000	3.5680E-20
222000	3.5529E-20
224000	3.5379E-20
226000	3.5230E-20
228000	3.5082E-20
230000	3.4935E-20
232000	3.4789E-20
234000	3.4644E-20
236000	3.4500E-20
238000	3.4357E-20
240000	3.4215E-20
242000	3.4074E-20
244000	3.3934E-20
246000	3.3795E-20
248000	3.3657E-20
250000	3.3520E-20
252000	3.3384E-20
254000	3.3249E-20
256000	3.3115E-20
258000	3.2982E-20
260000	3.2849E-20
262000	3.2718E-20
264000	3.2588E-20
266000	3.2458E-20
268000	3.2330E-20
270000	3.2202E-20
272000	3.2075E-20
274000	3.1950E-20
276000	3.1825E-20
278000	3.1701E-20
280000	3.1578E-20
282000	3.1455E-20
284000	3.1334E-20
286000	3.1214E-20
288000	3.1094E-20
290000	3.0975E-20
292000	3.0858E-20
294000	3.0741E-20
296000	3.0624E-20
298000	3.0509E-20
300000	3.0395E-20
302000	3.0281E-20
304000	3.0168E-20
306000	3.0056E-20
308000	2.9945E-20
310000	2.9834E-20
312000	2.9725E-20
314000	2.9616E-20
316000	2.9508E-20
318000	2.9400E-20
320000	2.9294E-20
322000	2.9188E-20
324000	2.9083E-20
326000	2.8978E-20
328000	2.8875E-20
330000	2.8772E-20
332000	2.8670E-20
334000	2.8568E-20
336000	2.8468E-20
338000	2.8368E-20
340000	2.8268E-20
342000	2.8170E-20
344000	2.8072E-20
346000	2.7975E-20
348000	2.7878E-20
350000	2.7782E-20
352000	2.7687E-20
354000	2.7592E-20
356000	2.7498E-20
358000	2.7405E-20
360000	2.7312E-20
362000	2.7220E-20
364000	2.7129E-20
366000	2.7038E-20
368000	2.6948E-20
370000	2.6858E-20
372000	2.6769E-20
374000	2.6681E-20
376000	2.6593E-20
378000	2.6506E-20
380000	2.6419E-20
382000	2.6333E-20
384000	2.6248E-20
386000	2.6163E-20
388000	2.6078E-20
390000	2.5995E-20
392000	2.5911E-20
394000	2.5829E-20
396000	2.5746E-20
398000	2.5665E-20
400000	2.5584E-20
402000	2.5503E-20
404000	2.5423E-20
406000	2.5344E-20
408000	2.5265E-20
410000	2.5186E-20
412000	2.5108E-20
414000	2.5031E-20
416000	2.4954E-20
418000	2.4877E-20
420000	2.4801E-20
422000	2.4725E-20
424000	2.4650E-20
426000	2.4576E-20
428000	2.4502E-20
430000	2.4428E-20
432000	2.4355E-20
434000	2.4282E-20
436000	2.4210E-20
438000	2.4138E-20
440000	2.4066E-20
442000	2.3995E-20
444000	2.3925E-20
446000	2.3855E-20
448000	2.3785E-20
450000	2.3716E-20
452000	2.3647E-20
454000	2.3579E-20
456000	2.3511E-20
458000	2.3443E-20
460000	2.3376E-20
462000	2.3309E-20
464000	2.3243E-20
466000	2.3177E-20
468000	2.3111E-20
470000	2.3046E-20
472000	2.2981E-20
474000	2.2916E-20
476000	2.2852E-20
478000	2.2789E-20
480000	2.2725E-20
482000	2.2662E-20
484000	2.2600E-20
486000	2.2538E-20
488000	2.2476E-20
490000	2.2414E-20
492000	2.2353E-20
494000	2.2292E-20
496000	2.2232E-20
498000	2.2172E-20
500000	2.2112E-20
502000	2.2053E-20
504000	2.1993E-20
506000	2.1935E-20
508000	2.1876E-20
510000	2.1818E-20
512000	2.1760E-20
514000	2.1703E-20
516000	2.1646E-20
518000	2.1589E-20
520000	2.1533E-20
522000	2.1476E-20
524000	2.1420E-20
526000	2.1365E-20
528000	2.1310E-20
530000	2.1255E-20
532000	2.1200E-20
534000	2.1146E-20
536000	2.1092E-20
538000	2.1038E-20
540000	2.0984E-20
542000	2.0931E-20
544000	2.0878E-20
546000	2.0826E-20
548000	2.0773E-20
550000	2.0721E-20
552000	2.0669E-20
554000	2.0618E-20
556000	2.0567E-20
558000	2.0516E-20
560000	2.0465E-20
562000	2.0415E-20
564000	2.0364E-20
566000	2.0315E-20
568000	2.0265E-20
570000	2.0216E-20
572000	2.0166E-20
574000	2.0117E-20
576000	2.0069E-20
578000	2.0020E-20
580000	1.9972E-20
582000	1.9924E-20
584000	1.9877E-20
586000	1.9829E-20
588000	1.9782E-20
590000	1.9735E-20
592000	1.9689E-20
594000	1.9642E-20
596000	1.9596E-20
598000	1.9550E-20
600000	1.9504E-20
602000	1.9459E-20
604000	1.9414E-20
606000	1.9368E-20
608000	1.9324E-20
610000	1.9279E-20
612000	1.9235E-20
614000	1.9190E-20
616000	1.9146E-20
618000	1.9103E-20
620000	1.9059E-20
622000	1.9016E-20
624000	1.8973E-20
626000	1.8930E-20
628000	1.8887E-20
630000	1.8845E-20
632000	1.8802E-20
634000	1.8760E-20
636000	1.8718E-20
638000	1.8677E-20
640000	1.8635E-20
642000	1.8594E-20
644000	1.8553E-20
646000	1.8512E-20
648000	1.8471E-20
650000	1.8431E-20
652000	1.8390E-20
654000	1.8350E-20
656000	1.8310E-20
658000	1.8270E-20
660000	1.8231E-20
662000	1.8192E-20
664000	1.8152E-20
666000	1.8113E-20
668000	1.8074E-20
670000	1.8036E-20
672000	1.7997E-20
674000	1.7959E-20
676000	1.7921E-20
678000	1.7883E-20
680000	1.7845E-20
682000	1.7807E-20
684000	1.7770E-20
686000	1.7733E-20
688000	1.7696E-20
690000	1.7659E-20
692000	1.7622E-20
694000	1.7585E-20
696000	1.7549E-20
698000	1.7512E-20
700000	1.7476E-20
702000	1.7440E-20
704000	1.7405E-20
706000	1.7369E-20
708000	1.7333E-20
710000	1.7298E-20
712000	1.7263E-20
714000	1.7228E-20
716000	1.7193E-20
718000	1.7158E-20
720000	1.7124E-20
722000	1.7089E-20
724000	1.7055E-20
726000	1.7021E-20
728000	1.6987E-20
730000	1.6953E-20
732000	1.6919E-20
734000	1.6886E-20
736000	1.6852E-20
738000	1.6819E-20
740000	1.6786E-20
742000	1.6753E-20
744000	1.6720E-20
746000	1.6687E-20
748000	1.6655E-20
750000	1.6622E-20
752000	1.6590E-20
754000	1.6558E-20
756000	1.6526E-20
758000	1.6494E-20
760000	1.6462E-20
762000	1.6431E-20
764000	1.6399E-20
766000	1.6368E-20
768000	1.6336E-20
770000	1.6305E-20
772000	1.6274E-20
774000	1.6244E-20
776000	1.6213E-20
778000	1.6182E-20
780000	1.6152E-20
782000	1.6121E-20
784000	1.6091E-20
786000	1.6061E-20
788000	1.6031E-20
790000	1.6001E-20
792000	1.5971E-20
794000	1.5942E-20
796000	1.5912E-20
798000	1.5883E-20
800000	1.5854E-20
802000	1.5824E-20
804000	1.5795E-20
806000	1.5766E-20
808000	1.5738E-20
810000	1.5709E-20
812000	1.5680E-20
814000	1.5652E-20
816000	1.5623E-20
818000	1.5595E-20
820000	1.5567E-20
822000	1.5539E-20
824000	1.5511E-20
826000	1.5483E-20
828000	1.5456E-20
830000	1.5428E-20
832000	1.5400E-20
834000	1.5373E-20
836000	1.5346E-20
838000	1.5319E-20
840000	1.5292E-20
842000	1.5265E-20
844000	1.5238E-20
846000	1.5211E-20
848000	1.5184E-20
850000	1.5158E-20
852000	1.5131E-20
854000	1.5105E-20
856000	1.5079E-20
858000	1.5052E-20
860000	1.5026E-20
862000	1.5000E-20
864000	1.4974E-20
866000	1.4949E-20
868000	1.4923E-20
870000	1.4897E-20
872000	1.4872E-20
874000	1.4847E-20
876000	1.4821E-20
878000	1.4796E-20
880000	1.4771E-20
882000	1.4746E-20
884000	1.4721E-20
886000	1.4696E-20
888000	1.4671E-20
890000	1.4647E-20
892000	1.4622E-20
894000	1.4598E-20
896000	1.4573E-20
898000	1.4549E-20
900000	1.4525E-20
902000	1.4501E-20
904000	1.4476E-20
906000	1.4453E-20
908000	1.4429E-20
910000	1.4405E-20
912000	1.4381E-20
914000	1.4358E-20
916000	1.4334E-20
918000	1.4311E-20
920000	1.4287E-20
922000	1.4264E-20
924000	1.4241E-20
926000	1.4218E-20
928000	1.4194E-20
930000	1.4172E-20
932000	1.4149E-20
934000	1.4126E-20
936000	1.4103E-20
938000	1.4080E-20
940000	1.4058E-20
942000	1.4035E-20
944000	1.4013E-20
946000	1.3991E-20
948000	1.3968E-20
950000	1.3946E-20
952000	1.3924E-20
954000	1.3902E-20
956000	1.3880E-20
958000	1.3858E-20
960000	1.3836E-20
962000	1.3815E-20
964000	1.3793E-20
966000	1.3771E-20
968000	1.3750E-20
970000	1.3729E-20
972000	1.3707E-20
974000	1.3686E-20
976000	1.3665E-20
978000	1.3644E-20
980000	1.3622E-20
982000	1.3601E-20
984000	1.3580E-20
986000	1.3560E-20
988000	1.3539E-20
990000	1.3518E-20
992000	1.3497E-20
994000	1.3477E-20
996000	1.3456E-20
998000	1.3436E-20
1000000	1.3415E-20
1002000	1.3395E-20
1004000	1.3375E-20
1006000	1.3355E-20
1008000	1.3335E-20
1010000	1.3315E-20
1012000	1.3295E-20
1014000	1.3275E-20
1016000	1.3255E-20
1018000	1.3235E-20
1020000	1.3215E-20
1022000	1.3196E-20
1024000	1.3176E-20
1026000	1.3156E-20
1028000	1.3137E-20
1030000	1.3117E-20
1032000	1.3098E-20
1034000	1.3079E-20
1036000	1.3060E-20
1038000	1.3040E-20
1040000	1.3021E-20
1042000	1.3002E-20
1044000	1.2983E-20
1046000	1.2964E-20
1048000	1.2945E-20
1050000	1.2927E-20
1052000	1.2908E-20
1054000	1.2889E-20
1056000	1.2871E-20
1058000	1.2852E-20
1060000	1.2833E-20
1062000	1.2815E-20
1064000	1.2797E-20
1066000	1.2778E-20
1068000	1.2760E-20
1070000	1.2742E-20
1072000	1.2724E-20
1074000	1.2705E-20
1076000	1.2687E-20
1078000	1.2669E-20
1080000	1.2651E-20
1082000	1.2634E-20
1084000	1.2616E-20
1086000	1.2598E-20
1088000	1.2580E-20
1090000	1.2562E-20
1092000	1.2545E-20
1094000	1.2527E-20
1096000	1.2510E-20
1098000	1.2492E-20
1100000	1.2475E-20
1102000	1.2458E-20
1104000	1.2440E-20
1106000	1.2423E-20
1108000	1.2406E-20
1110000	1.2389E-20
1112000	1.2372E-20
1114000	1.2354E-20
1116000	1.2337E-20
1118000	1.2321E-20
1120000	1.2304E-20
1122000	1.2287E-20
1124000	1.2270E-20
1126000	1.2253E-20
1128000	1.2237E-20
1130000	1.2220E-20
1132000	1.2203E-20
1134000	1.2187E-20
1136000	1.2170E-20
1138000	1.2154E-20
1140000	1.2137E-20
1142000	1.2121E-20
1144000	1.2105E-20
1146000	1.2088E-20
1148000	1.2072E-20
1150000	1.2056E-20
1152000	1.2040E-20
1154000	1.2024E-20
1156000	1.2008E-20
1158000	1.1992E-20
1160000	1.1976E-20
1162000	1.1960E-20
1164000	1.1944E-20
1166000	1.1928E-20
1168000	1.1913E-20
1170000	1.1897E-20
1172000	1.1881E-20
1174000	1.1866E-20
1176000	1.1850E-20
1178000	1.1835E-20
1180000	1.1819E-20
1182000	1.1804E-20
1184000	1.1788E-20
1186000	1.1773E-20
1188000	1.1758E-20
1190000	1.1742E-20
1192000	1.1727E-20
1194000	1.1712E-20
1196000	1.1697E-20
1198000	1.1682E-20
1200000	1.1667E-20
1202000	1.1652E-20
1204000	1.1637E-20
1206000	1.1622E-20
1208000	1.1607E-20
1210000	1.1592E-20
1212000	1.1577E-20
1214000	1.1562E-20
1216000	1.1548E-20
1218000	1.1533E-20
1220000	1.1518E-20
1222000	1.1504E-20
1224000	1.1489E-20
1226000	1.1475E-20
1228000	1.1460E-20
1230000	1.1446E-20
1232000	1.1431E-20
1234000	1.1417E-20
1236000	1.1403E-20
1238000	1.1388E-20
1240000	1.1374E-20
1242000	1.1360E-20
1244000	1.1346E-20
1246000	1.1332E-20
1248000	1.1317E-20
1250000	1.1303E-20
1252000	1.1289E-20
1254000	1.1275E-20
1256000	1.1261E-20
1258000	1.1248E-20
1260000	1.1234E-20
1262000	1.1220E-20
1264000	1.1206E-20
1266000	1.1192E-20
1268000	1.1179E-20
1270000	1.1165E-20
1272000	1.1151E-20
1274000	1.1138E-20
1276000	1.1124E-20
1278000	1.1111E-20
1280000	1.1097E-20
1282000	1.1084E-20
1284000	1.1070E-20
1286000	1.1057E-20
1288000	1.1043E-20
1290000	1.1030E-20
1292000	1.1017E-20
1294000	1.1003E-20
1296000	1.0990E-20
1298000	1.0977E-20
1300000	1.0964E-20
1302000	1.0951E-20
1304000	1.0938E-20
1306000	1.0925E-20
1308000	1.0912E-20
1310000	1.0899E-20
1312000	1.0886E-20
1314000	1.0873E-20
1316000	1.0860E-20
1318000	1.0847E-20
1320000	1.0834E-20
1322000	1.0821E-20
1324000	1.0809E-20
1326000	1.0796E-20
1328000	1.0783E-20
1330000	1.0771E-20
1332000	1.0758E-20
1334000	1.0745E-20
1336000	1.0733E-20
1338000	1.0720E-20
1340000	1.0708E-20
1342000	1.0695E-20
1344000	1.0683E-20
1346000	1.0671E-20
1348000	1.0658E-20
1350000	1.0646E-20
1352000	1.0634E-20
1354000	1.0621E-20
1356000	1.0609E-20
1358000	1.0597E-20
1360000	1.0585E-20
1362000	1.0572E-20
1364000	1.0560E-20
1366000	1.0548E-20
1368000	1.0536E-20
1370000	1.0524E-20
1372000	1.0512E-20
1374000	1.0500E-20
1376000	1.0488E-20
1378000	1.0476E-20
1380000	1.0464E-20
1382000	1.0453E-20
1384000	1.0441E-20
1386000	1.0429E-20
1388000	1.0417E-20
1390000	1.0405E-20
1392000	1.0394E-20
1394000	1.0382E-20
1396000	1.0370E-20
1398000	1.0359E-20
1400000	1.0347E-20
1402000	1.0336E-20
1404000	1.0324E-20
1406000	1.0312E-20
1408000	1.0301E-20
1410000	1.0290E-20
1412000	1.0278E-20
1414000	1.0267E-20
1416000	1.0255E-20
1418000	1.0244E-20
1420000	1.0233E-20
1422000	1.0221E-20
1424000	1.0210E-20
1426000	1.0199E-20
1428000	1.0188E-20
1430000	1.0176E-20
1432000	1.0165E-20
1434000	1.0154E-20
1436000	1.0143E-20
1438000	1.0132E-20
1440000	1.0121E-20
1442000	1.0110E-20
1444000	1.0099E-20
1446000	1.0088E-20
1448000	1.0077E-20
1450000	1.0066E-20
1452000	1.0055E-20
1454000	1.0044E-20
1456000	1.0033E-20
1458000	1.0023E-20
1460000	1.0012E-20
1462000	1.0001E-20
1464000	9.9902E-21
1466000	9.9795E-21
1468000	9.9688E-21
1470000	9.9581E-21
1472000	9.9475E-21
1474000	9.9369E-21
1476000	9.9263E-21
1478000	9.9157E-21
1480000	9.9052E-21
1482000	9.8946E-21
1484000	9.8841E-21
1486000	9.8737E-21
1488000	9.8632E-21
1490000	9.8528E-21
1492000	9.8424E-21
1494000	9.8320E-21
1496000	9.8216E-21
1498000	9.8113E-21
1500000	9.8010E-21
1502000	9.7907E-21
1504000	9.7804E-21
1506000	9.7702E-21
1508000	9.7600E-21
1510000	9.7498E-21
1512000	9.7396E-21
1514000	9.7295E-21
1516000	9.7193E-21
1518000	9.7092E-21
1520000	9.6992E-21
1522000	9.6891E-21
1524000	9.6791E-21
1526000	9.6691E-21
1528000	9.6591E-21
1530000	9.6491E-21
1532000	9.6392E-21
1534000	9.6292E-21
1536000	9.6193E-21
1538000	9.6095E-21
1540000	9.5996E-21
1542000	9.5898E-21
1544000	9.5800E-21
1546000	9.5702E-21
1548000	9.5604E-21
1550000	9.5507E-21
1552000	9.5409E-21
1554000	9.5312E-21
1556000	9.5216E-21
1558000	9.5119E-21
1560000	9.5023E-21
1562000	9.4926E-21
1564000	9.4830E-21
1566000	9.4735E-21
1568000	9.4639E-21
1570000	9.4544E-21
1572000	9.4449E-21
1574000	9.4354E-21
1576000	9.4259E-21
1578000	9.4164E-21
1580000	9.4070E-21
1582000	9.3976E-21
1584000	9.3882E-21
1586000	9.3788E-21
1588000	9.3695E-21
1590000	9.3602E-21
1592000	9.3509E-21
1594000	9.3416E-21
1596000	9.3323E-21
1598000	9.3231E-21
1600000	9.3138E-21
1602000	9.3046E-21
1604000	9.2954E-21
1606000	9.2863E-21
1608000	9.2771E-21
1610000	9.2680E-21
1612000	9.2589E-21
1614000	9.2498E-21
1616000	9.2407E-21
1618000	9.2317E-21
1620000	9.2226E-21
1622000	9.2136E-21
1624000	9.2046E-21
1626000	9.1956E-21
1628000	9.1867E-21
1630000	9.1777E-21
1632000	9.1688E-21
1634000	9.1599E-21
1636000	9.1510E-21
1638000	9.1422E-21
1640000	9.1333E-21
1642000	9.1245E-21
1644000	9.1157E-21
1646000	9.1069E-21
1648000	9.0981E-21
1650000	9.0894E-21
1652000	9.0806E-21
1654000	9.0719E-21
1656000	9.0632E-21
1658000	9.0546E-21
1660000	9.0459E-21
1662000	9.0372E-21
1664000	9.0286E-21
1666000	9.0200E-21
1668000	9.0114E-21
1670000	9.0029E-21
1672000	8.9943E-21
1674000	8.9858E-21
1676000	8.9772E-21
1678000	8.9687E-21
1680000	8.9603E-21
1682000	8.9518E-21
1684000	8.9433E-21
1686000	8.9349E-21
1688000	8.9265E-21
1690000	8.9181E-21
1692000	8.9097E-21
1694000	8.9013E-21
1696000	8.8930E-21
1698000	8.8847E-21
1700000	8.8764E-21
1702000	8.8681E-21
1704000	8.8598E-21
1706000	8.8515E-21
1708000	8.8433E-21
1710000	8.8350E-21
1712000	8.8268E-21
1714000	8.8186E-21
1716000	8.8105E-21
1718000	8.8023E-21
1720000	8.7941E-21
1722000	8.7860E-21
1724000	8.7779E-21
1726000	8.7698E-21
1728000	8.7617E-21
1730000	8.7537E-21
1732000	8.7456E-21
1734000	8.7376E-21
1736000	8.7296E-21
1738000	8.7216E-21
1740000	8.7136E-21
1742000	8.7056E-21
1744000	8.6976E-21
1746000	8.6897E-21
1748000	8.6818E-21
1750000	8.6739E-21
1752000	8.6660E-21
1754000	8.6581E-21
1756000	8.6503E-21
1758000	8.6424E-21
1760000	8.6346E-21
1762000	8.6268E-21
1764000	8.6190E-21
1766000	8.6112E-21
1768000	8.6034E-21
1770000	8.5957E-21
1772000	8.5879E-21
1774000	8.5802E-21
1776000	8.5725E-21
1778000	8.5648E-21
1780000	8.5571E-21
1782000	8.5495E-21
1784000	8.5418E-21
1786000	8.5342E-21
1788000	8.5266E-21
1790000	8.5190E-21
1792000	8.5114E-21
1794000	8.5038E-21
1796000	8.4963E-21
1798000	8.4887E-21
1800000	8.4812E-21
1802000	8.4737E-21
1804000	8.4662E-21
1806000	8.4587E-21
1808000	8.4512E-21
1810000	8.4437E-21
1812000	8.4363E-21
1814000	8.4289E-21
1816000	8.4215E-21
1818000	8.4141E-21
1820000	8.4067E-21
1822000	8.3993E-21
1824000	8.3919E-21
1826000	8.3846E-21
1828000	8.3773E-21
1830000	8.3699E-21
1832000	8.3626E-21
1834000	8.3554E-21
1836000	8.3481E-21
1838000	8.3408E-21
1840000	8.3336E-21
1842000	8.3263E-21
1844000	8.3191E-21
1846000	8.3119E-21
1848000	8.3047E-21
1850000	8.2975E-21
1852000	8.2904E-21
1854000	8.2832E-21
1856000	8.2761E-21
1858000	8.2689E-21
1860000	8.2618E-21
1862000	8.2547E-21
1864000	8.2476E-21
1866000	8.2406E-21
1868000	8.2335E-21
1870000	8.2265E-21
1872000	8.2194E-21
1874000	8.2124E-21
1876000	8.2054E-21
1878000	8.1984E-21
1880000	8.1914E-21
1882000	8.1845E-21
1884000	8.1775E-21
1886000	8.1706E-21
1888000	8.1636E-21
1890000	8.1567E-21
1892000	8.1498E-21
1894000	8.1429E-21
1896000	8.1360E-21
1898000	8.1292E-21
1900000	8.1223E-21
1902000	8.1155E-21
1904000	8.1086E-21
1906000	8.1018E-21
1908000	8.0950E-21
1910000	8.0882E-21
1912000	8.0814E-21
1914000	8.0747E-21
1916000	8.0679E-21
1918000	8.0612E-21
1920000	8.0544E-21
1922000	8.0477E-21
1924000	8.0410E-21
1926000	8.0343E-21
1928000	8.0276E-21
1930000	8.0210E-21
1932000	8.0143E-21
1934000	8.0077E-21
1936000	8.0010E-21
1938000	7.9944E-21
1940000	7.9878E-21
1942000	7.9812E-21
1944000	7.9746E-21
1946000	7.9680E-21
1948000	7.9615E-21
1950000	7.9549E-21
1952000	7.9484E-21
1954000	7.9418E-21
1956000	7.9353E-21
1958000	7.9288E-21
1960000	7.9223E-21
1962000	7.9158E-21
1964000	7.9094E-21
1966000	7.9029E-21
1968000	7.8965E-21
1970000	7.8900E-21
1972000	7.8836E-21
1974000	7.8772E-21
1976000	7.8708E-21
1978000	7.8644E-21
1980000	7.8580E-21
1982000	7.8517E-21
1984000	7.8453E-21
1986000	7.8389E-21
1988000	7.8326E-21
1990000	7.8263E-21
1992000	7.8200E-21
1994000	7.8137E-21
1996000	7.8074E-21
1998000	7.8011E-21
2000000	7.7948E-21
2002000	7.7886E-21
2004000	7.7823E-21
2006000	7.7761E-21
2008000	7.7699E-21
2010000	7.7637E-21
2012000	7.7575E-21
2014000	7.7513E-21
2016000	7.7451E-21
2018000	7.7389E-21
2020000	7.7327E-21
2022000	7.7266E-21
2024000	7.7205E-21
2026000	7.7143E-21
2028000	7.7082E-21
2030000	7.7021E-21
2032000	7.6960E-21
2034000	7.6899E-21
2036000	7.6838E-21
2038000	7.6778E-21
2040000	7.6717E-21
2042000	7.6657E-21
2044000	7.6596E-21
2046000	7.6536E-21
2048000	7.6476E-21
2050000	7.6416E-21
2052000	7.6356E-21
2054000	7.6296E-21
2056000	7.6236E-21
2058000	7.6177E-21
2060000	7.6117E-21
2062000	7.6058E-21
2064000	7.5998E-21
2066000	7.5939E-21
2068000	7.5880E-21
2070000	7.5821E-21
2072000	7.5762E-21
2074000	7.5703E-21
2076000	7.5645E-21
2078000	7.5586E-21
2080000	7.5527E-21
2082000	7.5469E-21
2084000	7.5411E-21
2086000	7.5352E-21
2088000	7.5294E-21
2090000	7.5236E-21
2092000	7.5178E-21
2094000	7.5120E-21
2096000	7.5063E-21
2098000	7.5005E-21
2100000	7.4947E-21
2102000	7.4890E-21
2104000	7.4832E-21
2106000	7.4775E-21
2108000	7.4718E-21
2110000	7.4661E-21
2112000	7.4604E-21
2114000	7.4547E-21
2116000	7.4490E-21
2118000	7.4433E-21
2120000	7.4377E-21
2122000	7.4320E-21
2124000	7.4264E-21
2126000	7.4208E-21
2128000	7.4151E-21
2130000	7.4095E-21
2132000	7.4039E-21
2134000	7.3983E-21
2136000	7.3927E-21
2138000	7.3871E-21
2140000	7.3816E-21
2142000	7.3760E-21
2144000	7.3705E-21
2146000	7.3649E-21
2148000	7.3594E-21
2150000	7.3539E-21
2152000	7.3483E-21
2154000	7.3428E-21
2156000	7.3373E-21
2158000	7.3319E-21
2160000	7.3264E-21
2162000	7.3209E-21
2164000	7.3154E-21
2166000	7.3100E-21
2168000	7.3045E-21
2170000	7.2991E-21
2172000	7.2937E-21
2174000	7.2883E-21
2176000	7.2829E-21
2178000	7.2775E-21
2180000	7.2721E-21
2182000	7.2667E-21
2184000	7.2613E-21
2186000	7.2559E-21
2188000	7.2506E-21
2190000	7.2452E-21
2192000	7.2399E-21
2194000	7.2346E-21
2196000	7.2292E-21
2198000	7.2239E-21
2200000	7.2186E-21
2202000	7.2133E-21
2204000	7.2080E-21
2206000	7.2028E-21
2208000	7.1975E-21
2210000	7.1922E-21
2212000	7.1870E-21
2214000	7.1817E-21
2216000	7.1765E-21
2218000	7.1712E-21
2220000	7.1660E-21
2222000	7.1608E-21
2224000	7.1556E-21
2226000	7.1504E-21
2228000	7.1452E-21
2230000	7.1400E-21
2232000	7.1349E-21
2234000	7.1297E-21
2236000	7.1245E-21
2238000	7.1194E-21
2240000	7.1142E-21
2242000	7.1091E-21
2244000	7.1040E-21
2246000	7.0989E-21
2248000	7.0938E-21
2250000	7.0887E-21
2252000	7.0836E-21
2254000	7.0785E-21
2256000	7.0734E-21
2258000	7.0683E-21
2260000	7.0633E-21
2262000	7.0582E-21
2264000	7.0532E-21
2266000	7.0481E-21
2268000	7.0431E-21
2270000	7.0381E-21
2272000	7.0331E-21
2274000	7.0281E-21
2276000	7.0231E-21
2278000	7.0181E-21
2280000	7.0131E-21
2282000	7.0081E-21
2284000	7.0031E-21
2286000	6.9982E-21
2288000	6.9932E-21
2290000	6.9883E-21
2292000	6.9833E-21
2294000	6.9784E-21
2296000	6.9735E-21
2298000	6.9686E-21
2300000	6.9637E-21
2302000	6.9588E-21
2304000	6.9539E-21
2306000	6.9490E-21
2308000	6.9441E-21
2310000	6.9392E-21
2312000	6.9344E-21
2314000	6.9295E-21
2316000	6.9247E-21
2318000	6.9198E-21
2320000	6.9150E-21
2322000	6.9102E-21
2324000	6.9053E-21
2326000	6.9005E-21
2328000	6.8957E-21
2330000	6.8909E-21
2332000	6.8861E-21
2334000	6.8814E-21
2336000	6.8766E-21
2338000	6.8718E-21
2340000	6.8671E-21
2342000	6.8623E-21
2344000	6.8576E-21
2346000	6.8528E-21
2348000	6.8481E-21
2350000	6.8434E-21
2352000	6.8386E-21
2354000	6.8339E-21
2356000	6.8292E-21
2358000	6.8245E-21
2360000	6.8198E-21
2362000	6.8151E-21
2364000	6.8105E-21
2366000	6.8058E-21
2368000	6.8011E-21
2370000	6.7965E-21
2372000	6.7918E-21
2374000	6.7872E-21
2376000	6.7826E-21
2378000	6.7779E-21
2380000	6.7733E-21
2382000	6.7687E-21
2384000	6.7641E-21
2386000	6.7595E-21
2388000	6.7549E-21
2390000	6.7503E-21
2392000	6.7457E-21
2394000	6.7411E-21
2396000	6.7366E-21
2398000	6.7320E-21
2400000	6.7275E-21
2402000	6.7229E-21
2404000	6.7184E-21
2406000	6.7138E-21
2408000	6.7093E-21
2410000	6.7048E-21
2412000	6.7003E-21
2414000	6.6958E-21
2416000	6.6913E-21
2418000	6.6868E-21
2420000	6.6823E-21
2422000	6.6778E-21
2424000	6.6733E-21
2426000	6.6689E-21
2428000	6.6644E-21
2430000	6.6599E-21
2432000	6.6555E-21
2434000	6.6511E-21
2436000	6.6466E-21
2438000	6.6422E-21
2440000	6.6378E-21
2442000	6.6334E-21
2444000	6.6289E-21
2446000	6.6245E-21
2448000	6.6201E-21
2450000	6.6157E-21
2452000	6.6114E-21
2454000	6.6070E-21
2456000	6.6026E-21
2458000	6.5982E-21
2460000	6.5939E-21
2462000	6.5895E-21
2464000	6.5852E-21
2466000	6.5808E-21
2468000	6.5765E-21
2470000	6.5722E-21
2472000	6.5679E-21
2474000	6.5635E-21
2476000	6.5592E-21
2478000	6.5549E-21
2480000	6.5506E-21
2482000	6.5463E-21
2484000	6.5420E-21
2486000	6.5378E-21
2488000	6.5335E-21
2490000	6.5292E-21
2492000	6.5250E-21
2494000	6.5207E-21
2496000	6.5165E-21
2498000	6.5122E-21
2500000	6.5080E-21
2502000	6.5037E-21
2504000	6.4995E-21
2506000	6.4953E-21
2508000	6.4911E-21
2510000	6.4869E-21
2512000	6.4827E-21
2514000	6.4785E-21
2516000	6.4743E-21
2518000	6.4701E-21
2520000	6.4659E-21
2522000	6.4618E-21
2524000	6.4576E-21
2526000	6.4534E-21
2528000	6.4493E-21
2530000	6.4451E-21
2532000	6.4410E-21
2534000	6.4368E-21
2536000	6.4327E-21
2538000	6.4286E-21
2540000	6.4245E-21
2542000	6.4203E-21
2544000	6.4162E-21
2546000	6.4121E-21
2548000	6.4080E-21
2550000	6.4039E-21
2552000	6.3999E-21
2554000	6.3958E-21
2556000	6.3917E-21
2558000	6.3876E-21
2560000	6.3836E-21
2562000	6.3795E-21
2564000	6.3755E-21
2566000	6.3714E-21
2568000	6.3674E-21
2570000	6.3633E-21
2572000	6.3593E-21
2574000	6.3553E-21
2576000	6.3513E-21
2578000	6.3472E-21
2580000	6.3432E-21
2582000	6.3392E-21
2584000	6.3352E-21
2586000	6.3312E-21
2588000	6.3273E-21
2590000	6.3233E-21
2592000	6.3193E-21
2594000	6.3153E-21
2596000	6.3114E-21
2598000	6.3074E-21
2600000	6.3034E-21
2602000	6.2995E-21
2604000	6.2956E-21
2606000	6.2916E-21
2608000	6.2877E-21
2610000	6.2838E-21
2612000	6.2798E-21
2614000	6.2759E-21
2616000	6.2720E-21
2618000	6.2681E-21
2620000	6.2642E-21
2622000	6.2603E-21
2624000	6.2564E-21
2626000	6.2525E-21
2628000	6.2486E-21
2630000	6.2448E-21
2632000	6.2409E-21
2634000	6.2370E-21
2636000	6.2332E-21
2638000	6.2293E-21
2640000	6.2255E-21
2642000	6.2216E-21
2644000	6.2178E-21
2646000	6.2140E-21
2648000	6.2101E-21
2650000	6.2063E-21
2652000	6.2025E-21
2654000	6.1987E-21
2656000	6.1949E-21
2658000	6.1911E-21
2660000	6.1873E-21
2662000	6.1835E-21
2664000	6.1797E-21
2666000	6.1759E-21
2668000	6.1721E-21
2670000	6.1684E-21
2672000	6.1646E-21
2674000	6.1608E-21
2676000	6.1571E-21
2678000	6.1533E-21
2680000	6.1496E-21
2682000	6.1458E-21
2684000	6.1421E-21
2686000	6.1384E-21
2688000	6.1346E-21
2690000	6.1309E-21
2692000	6.1272E-21
2694000	6.1235E-21
2696000	6.1198E-21
2698000	6.1161E-21
2700000	6.1124E-21
2702000	6.1087E-21
2704000	6.1050E-21
2706000	6.1013E-21
2708000	6.0976E-21
2710000	6.0939E-21
2712000	6.0903E-21
2714000	6.0866E-21
2716000	6.0829E-21
2718000	6.0793E-21
2720000	6.0756E-21
2722000	6.0720E-21
2724000	6.0683E-21
2726000	6.0647E-21
2728000	6.0611E-21
2730000	6.0575E-21
2732000	6.0538E-21
2734000	6.0502E-21
2736000	6.0466E-21
2738000	6.0430E-21
2740000	6.0394E-21
2742000	6.0358E-21
2744000	6.0322E-21
2746000	6.0286E-21
2748000	6.0250E-21
2750000	6.0214E-21
2752000	6.0179E-21
2754000	6.0143E-21
2756000	6.0107E-21
2758000	6.0072E-21
2760000	6.0036E-21
2762000	6.0000E-21
2764000	5.9965E-21
2766000	5.9930E-21
2768000	5.9894E-21
2770000	5.9859E-21
2772000	5.9824E-21
2774000	5.9788E-21
2776000	5.9753E-21
2778000	5.9718E-21
2780000	5.9683E-21
2782000	5.9648E-21
2784000	5.9613E-21
2786000	5.9578E-21
2788000	5.9543E-21
2790000	5.9508E-21
2792000	5.9473E-21
2794000	5.9438E-21
2796000	5.9403E-21
2798000	5.9369E-21
2800000	5.9334E-21
2802000	5.9299E-21
2804000	5.9265E-21
2806000	5.9230E-21
2808000	5.9196E-21
2810000	5.9161E-21
2812000	5.9127E-21
2814000	5.9092E-21
2816000	5.9058E-21
2818000	5.9024E-21
2820000	5.8990E-21
2822000	5.8955E-21
2824000	5.8921E-21
2826000	5.8887E-21
2828000	5.8853E-21
2830000	5.8819E-21
2832000	5.8785E-21
2834000	5.8751E-21
2836000	5.8717E-21
2838000	5.8683E-21
2840000	5.8649E-21
2842000	5.8616E-21
2844000	5.8582E-21
2846000	5.8548E-21
2848000	5.8515E-21
2850000	5.8481E-21
2852000	5.8447E-21
2854000	5.8414E-21
2856000	5.8380E-21
2858000	5.8347E-21
2860000	5.8314E-21
2862000	5.8280E-21
2864000	5.8247E-21
2866000	5.8214E-21
2868000	5.8180E-21
2870000	5.8147E-21
2872000	5.8114E-21
2874000	5.8081E-21
2876000	5.8048E-21
2878000	5.8015E-21
2880000	5.7982E-21
2882000	5.7949E-21
2884000	5.7916E-21
2886000	5.7883E-21
2888000	5.7850E-21
2890000	5.7817E-21
2892000	5.7785E-21
2894000	5.7752E-21
2896000	5.7719E-21
2898000	5.7687E-21
2900000	5.7654E-21
2902000	5.7622E-21
2904000	5.7589E-21
2906000	5.7557E-21
2908000	5.7524E-21
2910000	5.7492E-21
2912000	5.7459E-21
2914000	5.7427E-21
2916000	5.7395E-21
2918000	5.7363E-21
2920000	5.7330E-21
2922000	5.7298E-21
2924000	5.7266E-21
2926000	5.7234E-21
2928000	5.7202E-21
2930000	5.7170E-21
2932000	5.7138E-21
2934000	5.7106E-21
2936000	5.7074E-21
2938000	5.7042E-21
2940000	5.7011E-21
2942000	5.6979E-21
2944000	5.6947E-21
2946000	5.6915E-21
2948000	5.6884E-21
2950000	5.6852E-21
2952000	5.6821E-21
2954000	5.6789E-21
2956000	5.6758E-21
2958000	5.6726E-21
2960000	5.6695E-21
2962000	5.6663E-21
2964000	5.6632E-21
2966000	5.6601E-21
2968000	5.6569E-21
2970000	5.6538E-21
2972000	5.6507E-21
2974000	5.6476E-21
2976000	5.6445E-21
2978000	5.6414E-21
2980000	5.6382E-21
2982000	5.6351E-21
2984000	5.6321E-21
2986000	5.6290E-21
2988000	5.6259E-21
2990000	5.6228E-21
2992000	5.6197E-21
2994000	5.6166E-21
2996000	5.6135E-21
2998000	5.6105E-21
3000000	5.6074E-21
3002000	5.6043E-21
3004000	5.6013E-21
3006000	5.5982E-21
3008000	5.5952E-21
3010000	5.5921E-21
3012000	5.5891E-21
3014000	5.5860E-21
3016000	5.5830E-21
3018000	5.5799E-21
3020000	5.5769E-21
3022000	5.5739E-21
3024000	5.5709E-21
3026000	5.5678E-21
3028000	5.5648E-21
3030000	5.5618E-21
3032000	5.5588E-21
3034000	5.5558E-21
3036000	5.5528E-21
3038000	5.5498E-21
3040000	5.5468E-21
3042000	5.5438E-21
3044000	5.5408E-21
3046000	5.5378E-21
3048000	5.5348E-21
3050000	5.5319E-21
3052000	5.5289E-21
3054000	5.5259E-21
3056000	5.5229E-21
3058000	5.5200E-21
3060000	5.5170E-21
3062000	5.5141E-21
3064000	5.5111E-21
3066000	5.5081E-21
3068000	5.5052E-21
3070000	5.5023E-21
3072000	5.4993E-21
3074000	5.4964E-21
3076000	5.4934E-21
3078000	5.4905E-21
3080000	5.4876E-21
3082000	5.4847E-21
3084000	5.4817E-21
3086000	5.4788E-21
3088000	5.4759E-21
3090000	5.4730E-21
3092000	5.4701E-21
3094000	5.4672E-21
3096000	5.4643E-21
3098000	5.4614E-21
3100000	5.4585E-21
3102000	5.4556E-21
3104000	5.4527E-21
3106000	5.4498E-21
3108000	5.4469E-21
3110000	5.4441E-21
3112000	5.4412E-21
3114000	5.4383E-21
3116000	5.4354E-21
3118000	5.4326E-21
3120000	5.4297E-21
3122000	5.4269E-21
3124000	5.4240E-21
3126000	5.4212E-21
3128000	5.4183E-21
3130000	5.4155E-21
3132000	5.4126E-21
3134000	5.4098E-21
3136000	5.4069E-21
3138000	5.4041E-21
3140000	5.4013E-21
3142000	5.3985E-21
3144000	5.3956E-21
3146000	5.3928E-21
3148000	5.3900E-21
3150000	5.3872E-21
3152000	5.3844E-21
3154000	5.3816E-21
3156000	5.3788E-21
3158000	5.3760E-21
3160000	5.3732E-21
3162000	5.3704E-21
3164000	5.3676E-21
3166000	5.3648E-21
3168000	5.3620E-21
3170000	5.3592E-21
3172000	5.3564E-21
3174000	5.3537E-21
3176000	5.3509E-21
3178000	5.3481E-21
3180000	5.3454E-21
3182000	5.3426E-21
3184000	5.3398E-21
3186000	5.3371E-21
3188000	5.3343E-21
3190000	5.3316E-21
3192000	5.3288E-21
3194000	5.3261E-21
3196000	5.3233E-21
3198000	5.3206E-21
3200000	5.3179E-21
3202000	5.3151E-21
3204000	5.3124E-21
3206000	5.3097E-21
3208000	5.3070E-21
3210000	5.3042E-21
3212000	5.3015E-21
3214000	5.2988E-21
3216000	5.2961E-21
3218000	5.2934E-21
3220000	5.2907E-21
3222000	5.2880E-21
3224000	5.2853E-21
3226000	5.2826E-21
3228000	5.2799E-21
3230000	5.2772E-21
3232000	5.2745E-21
3234000	5.2718E-21
3236000	5.2692E-21
3238000	5.2665E-21
3240000	5.2638E-21
3242000	5.2611E-21
3244000	5.2585E-21
3246000	5.2558E-21
3248000	5.2531E-21
3250000	5.2505E-21
3252000	5.2478E-21
3254000	5.2452E-21
3256000	5.2425E-21
3258000	5.2398E-21
3260000	5.2372E-21
3262000	5.2346E-21
3264000	5.2319E-21
3266000	5.2293E-21
3268000	5.2266E-21
3270000	5.2240E-21
3272000	5.2214E-21
3274000	5.2188E-21
3276000	5.2161E-21
3278000	5.2135E-21
3280000	5.2109E-21
3282000	5.2083E-21
3284000	5.2057E-21
3286000	5.2031E-21
3288000	5.2005E-21
3290000	5.1979E-21
3292000	5.1953E-21
3294000	5.1927E-21
3296000	5.1901E-21
3298000	5.1875E-21
3300000	5.1849E-21
3302000	5.1823E-21
3304000	5.1797E-21
3306000	5.1771E-21
3308000	5.1745E-21
3310000	5.1720E-21
3312000	5.1694E-21
3314000	5.1668E-21
3316000	5.1643E-21
3318000	5.1617E-21
3320000	5.1591E-21
3322000	5.1566E-21
3324000	5.1540E-21
3326000	5.1515E-21
3328000	5.1489E-21
3330000	5.1464E-21
3332000	5.1438E-21
3334000	5.1413E-21
3336000	5.1387E-21
3338000	5.1362E-21
3340000	5.1337E-21
3342000	5.1311E-21
3344000	5.1286E-21
3346000	5.1261E-21
3348000	5.1236E-21
3350000	5.1210E-21
3352000	5.1185E-21
3354000	5.1160E-21
3356000	5.1135E-21
3358000	5.1110E-21
3360000	5.1085E-21
3362000	5.1060E-21
3364000	5.1035E-21
3366000	5.1010E-21
3368000	5.0985E-21
3370000	5.0960E-21
3372000	5.0935E-21
3374000	5.0910E-21
3376000	5.0885E-21
3378000	5.0860E-21
3380000	5.0835E-21
3382000	5.0811E-21
3384000	5.0786E-21
3386000	5.0761E-21
3388000	5.0736E-21
3390000	5.0712E-21
3392000	5.0687E-21
3394000	5.0663E-21
3396000	5.0638E-21
3398000	5.0613E-21
3400000	5.0589E-21
3402000	5.0564E-21
3404000	5.0540E-21
3406000	5.0515E-21
3408000	5.0491E-21
3410000	5.0466E-21
3412000	5.0442E-21
3414000	5.0418E-21
3416000	5.0393E-21
3418000	5.0369E-21
3420000	5.0345E-21
3422000	5.0320E-21
3424000	5.0296E-21
3426000	5.0272E-21
3428000	5.0248E-21
3430000	5.0224E-21
3432000	5.0199E-21
3434000	5.0175E-21
3436000	5.0151E-21
3438000	5.0127E-21
3440000	5.0103E-21
3442000	5.0079E-21
3444000	5.0055E-21
3446000	5.0031E-21
3448000	5.0007E-21
3450000	4.9983E-21
3452000	4.9959E-21
3454000	4.9936E-21
3456000	4.9912E-21
3458000	4.9888E-21
3460000	4.9864E-21
3462000	4.9840E-21
3464000	4.9817E-21
3466000	4.9793E-21
3468000	4.9769E-21
3470000	4.9745E-21
3472000	4.9722E-21
3474000	4.9698E-21
3476000	4.9675E-21
3478000	4.9651E-21
3480000	4.9627E-21
3482000	4.9604E-21
3484000	4.9580E-21
3486000	4.9557E-21
3488000	4.9534E-21
3490000	4.9510E-21
3492000	4.9487E-21
3494000	4.9463E-21
3496000	4.9440E-21
3498000	4.9417E-21
3500000	4.9393E-21
3502000	4.9370E-21
3504000	4.9347E-21
3506000	4.9323E-21
3508000	4.9300E-21
3510000	4.9277E-21
3512000	4.9254E-21
3514000	4.9231E-21
3516000	4.9208E-21
3518000	4.9185E-21
3520000	4.9161E-21
3522000	4.9138E-21
3524000	4.9115E-21
3526000	4.9092E-21
3528000	4.9069E-21
3530000	4.9046E-21
3532000	4.9024E-21
3534000	4.9001E-21
3536000	4.8978E-21
3538000	4.8955E-21
3540000	4.8932E-21
3542000	4.8909E-21
3544000	4.8886E-21
3546000	4.8864E-21
3548000	4.8841E-21
3550000	4.8818E-21
3552000	4.8795E-21
3554000	4.8773E-21
3556000	4.8750E-21
3558000	4.8727E-21
3560000	4.8705E-21
3562000	4.8682E-21
3564000	4.8660E-21
3566000	4.8637E-21
3568000	4.8615E-21
3570000	4.8592E-21
3572000	4.8570E-21
3574000	4.8547E-21
3576000	4.8525E-21
3578000	4.8502E-21
3580000	4.8480E-21
3582000	4.8458E-21
3584000	4.8435E-21
3586000	4.8413E-21
3588000	4.8391E-21
3590000	4.8368E-21
3592000	4.8346E-21
3594000	4.8324E-21
3596000	4.8302E-21
3598000	4.8279E-21
3600000	4.8257E-21
3602000	4.8235E-21
3604000	4.8213E-21
3606000	4.8191E-21
3608000	4.8169E-21
3610000	4.8147E-21
3612000	4.8125E-21
3614000	4.8103E-21
3616000	4.8081E-21
3618000	4.8059E-21
3620000	4.8037E-21
3622000	4.8015E-21
3624000	4.7993E-21
3626000	4.7971E-21
3628000	4.7949E-21
3630000	4.7927E-21
3632000	4.7906E-21
3634000	4.7884E-21
3636000	4.7862E-21
3638000	4.7840E-21
3640000	4.7819E-21
3642000	4.7797E-21
3644000	4.7775E-21
3646000	4.7753E-21
3648000	4.7732E-21
3650000	4.7710E-21
3652000	4.7689E-21
3654000	4.7667E-21
3656000	4.7645E-21
3658000	4.7624E-21
3660000	4.7602E-21
3662000	4.7581E-21
3664000	4.7559E-21
3666000	4.7538E-21
3668000	4.7516E-21
3670000	4.7495E-21
3672000	4.7474E-21
3674000	4.7452E-21
3676000	4.7431E-21
3678000	4.7410E-21
3680000	4.7388E-21
3682000	4.7367E-21
3684000	4.7346E-21
3686000	4.7325E-21
3688000	4.7303E-21
3690000	4.7282E-21
3692000	4.7261E-21
3694000	4.7240E-21
3696000	4.7219E-21
3698000	4.7197E-21
3700000	4.7176E-21
3702000	4.7155E-21
3704000	4.7134E-21
3706000	4.7113E-21
3708000	4.7092E-21
3710000	4.7071E-21
3712000	4.7050E-21
3714000	4.7029E-21
3716000	4.7008E-21
3718000	4.6987E-21
3720000	4.6966E-21
3722000	4.6946E-21
3724000	4.6925E-21
3726000	4.6904E-21
3728000	4.6883E-21
3730000	4.6862E-21
3732000	4.6841E-21
3734000	4.6821E-21
3736000	4.6800E-21
3738000	4.6779E-21
3740000	4.6758E-21
3742000	4.6738E-21
3744000	4.6717E-21
3746000	4.6696E-21
3748000	4.6676E-21
3750000	4.6655E-21
3752000	4.6635E-21
3754000	4.6614E-21
3756000	4.6594E-21
3758000	4.6573E-21
3760000	4.6553E-21
3762000	4.6532E-21
3764000	4.6512E-21
3766000	4.6491E-21
3768000	4.6471E-21
3770000	4.6450E-21
3772000	4.6430E-21
3774000	4.6410E-21
3776000	4.6389E-21
3778000	4.6369E-21
3780000	4.6349E-21
3782000	4.6328E-21
3784000	4.6308E-21
3786000	4.6288E-21
3788000	4.6267E-21
3790000	4.6247E-21
3792000	4.6227E-21
3794000	4.6207E-21
3796000	4.6187E-21
3798000	4.6167E-21
3800000	4.6146E-21
3802000	4.6126E-21
3804000	4.6106E-21
3806000	4.6086E-21
3808000	4.6066E-21
3810000	4.6046E-21
3812000	4.6026E-21
3814000	4.6006E-21
3816000	4.5986E-21
3818000	4.5966E-21
3820000	4.5946E-21
3822000	4.5926E-21
3824000	4.5906E-21
3826000	4.5887E-21
3828000	4.5867E-21
3830000	4.5847E-21
3832000	4.5827E-21
3834000	4.5807E-21
3836000	4.5787E-21
3838000	4.5768E-21
3840000	4.5748E-21
3842000	4.5728E-21
3844000	4.5709E-21
3846000	4.5689E-21
3848000	4.5669E-21
3850000	4.5650E-21
3852000	4.5630E-21
3854000	4.5610E-21
3856000	4.5591E-21
3858000	4.5571E-21
3860000	4.5552E-21
3862000	4.5532E-21
3864000	4.5512E-21
3866000	4.5493E-21
3868000	4.5473E-21
3870000	4.5454E-21
3872000	4.5435E-21
3874000	4.5415E-21
3876000	4.5396E-21
3878000	4.5376E-21
3880000	4.5357E-21
3882000	4.5338E-21
3884000	4.5318E-21
3886000	4.5299E-21
3888000	4.5280E-21
3890000	4.5260E-21
3892000	4.5241E-21
3894000	4.5222E-21
3896000	4.5202E-21
3898000	4.5183E-21
3900000	4.5164E-21
3902000	4.5145E-21
3904000	4.5126E-21
3906000	4.5107E-21
3908000	4.5087E-21
3910000	4.5068E-21
3912000	4.5049E-21
3914000	4.5030E-21
3916000	4.5011E-21
3918000	4.4992E-21
3920000	4.4973E-21
3922000	4.4954E-21
3924000	4.4935E-21
3926000	4.4916E-21
3928000	4.4897E-21
3930000	4.4878E-21
3932000	4.4859E-21
3934000	4.4840E-21
3936000	4.4821E-21
3938000	4.4802E-21
3940000	4.4784E-21
3942000	4.4765E-21
3944000	4.4746E-21
3946000	4.4727E-21
3948000	4.4708E-21
3950000	4.4690E-21
3952000	4.4671E-21
3954000	4.4652E-21
3956000	4.4633E-21
3958000	4.4615E-21
3960000	4.4596E-21
3962000	4.4577E-21
3964000	4.4559E-21
3966000	4.4540E-21
3968000	4.4521E-21
3970000	4.4503E-21
3972000	4.4484E-21
3974000	4.4466E-21
3976000	4.4447E-21
3978000	4.4429E-21
3980000	4.4410E-21
3982000	4.4392E-21
3984000	4.4373E-21
3986000	4.4355E-21
3988000	4.4336E-21
3990000	4.4318E-21
3992000	4.4299E-21
3994000	4.4281E-21
3996000	4.4262E-21
3998000	4.4244E-21
4000000	4.4226E-21
4002000	4.4207E-21
4004000	4.4189E-21
4006000	4.4171E-21
4008000	4.4152E-21
4010000	4.4134E-21
4012000	4.4116E-21
4014000	4.4098E-21
4016000	4.4080E-21
4018000	4.4061E-21
4020000	4.4043E-21
4022000	4.4025E-21
4024000	4.4007E-21
4026000	4.3989E-21
4028000	4.3971E-21
4030000	4.3952E-21
4032000	4.3934E-21
4034000	4.3916E-21
4036000	4.3898E-21
4038000	4.3880E-21
4040000	4.3862E-21
4042000	4.3844E-21
4044000	4.3826E-21
4046000	4.3808E-21
4048000	4.3790E-21
4050000	4.3772E-21
4052000	4.3754E-21
4054000	4.3736E-21
4056000	4.3718E-21
4058000	4.3701E-21
4060000	4.3683E-21
4062000	4.3665E-21
4064000	4.3647E-21
4066000	4.3629E-21
4068000	4.3611E-21
4070000	4.3594E-21
4072000	4.3576E-21
4074000	4.3558E-21
4076000	4.3540E-21
4078000	4.3523E-21
4080000	4.3505E-21
4082000	4.3487E-21
4084000	4.3470E-21
4086000	4.3452E-21
4088000	4.3434E-21
4090000	4.3417E-21
4092000	4.3399E-21
4094000	4.3381E-21
4096000	4.3364E-21
4098000	4.3346E-21
4100000	4.3329E-21
4102000	4.3311E-21
4104000	4.3294E-21
4106000	4.3276E-21
4108000	4.3259E-21
4110000	4.3241E-21
4112000	4.3224E-21
4114000	4.3206E-21
4116000	4.3189E-21
4118000	4.3171E-21
4120000	4.3154E-21
4122000	4.3137E-21
4124000	4.3119E-21
4126000	4.3102E-21
4128000	4.3084E-21
4130000	4.3067E-21
4132000	4.3050E-21
4134000	4.3032E-21
4136000	4.3015E-21
4138000	4.2998E-21
4140000	4.2981E-21
4142000	4.2963E-21
4144000	4.2946E-21
4146000	4.2929E-21
4148000	4.2912E-21
4150000	4.2895E-21
4152000	4.2877E-21
4154000	4.2860E-21
4156000	4.2843E-21
4158000	4.2826E-21
4160000	4.2809E-21
4162000	4.2792E-21
4164000	4.2775E-21
4166000	4.2758E-21
4168000	4.2741E-21
4170000	4.2724E-21
4172000	4.2707E-21
4174000	4.2690E-21
4176000	4.2673E-21
4178000	4.2656E-21
4180000	4.2639E-21
4182000	4.2622E-21
4184000	4.2605E-21
4186000	4.2588E-21
4188000	4.2571E-21
4190000	4.2554E-21
4192000	4.2537E-21
4194000	4.2520E-21
4196000	4.2504E-21
4198000	4.2487E-21
4200000	4.2470E-21
4202000	4.2453E-21
4204000	4.2436E-21
4206000	4.2420E-21
4208000	4.2403E-21
4210000	4.2386E-21
4212000	4.2369E-21
4214000	4.2353E-21
4216000	4.2336E-21
4218000	4.2319E-21
4220000	4.2303E-21
4222000	4.2286E-21
4224000	4.2269E-21
4226000	4.2253E-21
4228000	4.2236E-21
4230000	4.2219E-21
4232000	4.2203E-21
4234000	4.2186E-21
4236000	4.2170E-21
4238000	4.2153E-21
4240000	4.2137E-21
4242000	4.2120E-21
4244000	4.2104E-21
4246000	4.2087E-21
4248000	4.2071E-21
4250000	4.2054E-21
4252000	4.2038E-21
4254000	4.2021E-21
4256000	4.2005E-21
4258000	4.1989E-21
4260000	4.1972E-21
4262000	4.1956E-21
4264000	4.1939E-21
4266000	4.1923E-21
4268000	4.1907E-21
4270000	4.1890E-21
4272000	4.1874E-21
4274000	4.1858E-21
4276000	4.1842E-21
4278000	4.1825E-21
4280000	4.1809E-21
4282000	4.1793E-21
4284000	4.1777E-21
4286000	4.1760E-21
4288000	4.1744E-21
4290000	4.1728E-21
4292000	4.1712E-21
4294000	4.1696E-21
4296000	4.1680E-21
4298000	4.1663E-21
4300000	4.1647E-21
4302000	4.1631E-21
4304000	4.1615E-21
4306000	4.1599E-21
4308000	4.1583E-21
4310000	4.1567E-21
4312000	4.1551E-21
4314000	4.1535E-21
4316000	4.1519E-21
4318000	4.1503E-21
4320000	4.1487E-21
4322000	4.1471E-21
4324000	4.1455E-21
4326000	4.1439E-21
4328000	4.1423E-21
4330000	4.1407E-21
4332000	4.1391E-21
4334000	4.1375E-21
4336000	4.1359E-21
4338000	4.1344E-21
4340000	4.1328E-21
4342000	4.1312E-21
4344000	4.1296E-21
4346000	4.1280E-21
4348000	4.1264E-21
4350000	4.1249E-21
4352000	4.1233E-21
4354000	4.1217E-21
4356000	4.1201E-21
4358000	4.1186E-21
4360000	4.1170E-21
4362000	4.1154E-21
4364000	4.1139E-21
4366000	4.1123E-21
4368000	4.1107E-21
4370000	4.1092E-21
4372000	4.1076E-21
4374000	4.1060E-21
4376000	4.1045E-21
4378000	4.1029E-21
4380000	4.1013E-21
4382000	4.0998E-21
4384000	4.0982E-21
4386000	4.0967E-21
4388000	4.0951E-21
4390000	4.0936E-21
4392000	4.0920E-21
4394000	4.0905E-21
4396000	4.0889E-21
4398000	4.0874E-21
4400000	4.0858E-21
4402000	4.0843E-21
4404000	4.0827E-21
4406000	4.0812E-21
4408000	4.0797E-21
4410000	4.0781E-21
4412000	4.0766E-21
4414000	4.0750E-21
4416000	4.0735E-21
4418000	4.0720E-21
4420000	4.0704E-21
4422000	4.0689E-21
4424000	4.0674E-21
4426000	4.0658E-21
4428000	4.0643E-21
4430000	4.0628E-21
4432000	4.0613E-21
4434000	4.0597E-21
4436000	4.0582E-21
4438000	4.0567E-21
4440000	4.0552E-21
4442000	4.0536E-21
4444000	4.0521E-21
4446000	4.0506E-21
4448000	4.0491E-21
4450000	4.0476E-21
4452000	4.0461E-21
4454000	4.0445E-21
4456000	4.0430E-21
4458000	4.0415E-21
4460000	4.0400E-21
4462000	4.0385E-21
4464000	4.0370E-21
4466000	4.0355E-21
4468000	4.0340E-21
4470000	4.0325E-21
4472000	4.0310E-21
4474000	4.0295E-21
4476000	4.0280E-21
4478000	4.0265E-21
4480000	4.0250E-21
4482000	4.0235E-21
4484000	4.0220E-21
4486000	4.0205E-21
4488000	4.0190E-21
4490000	4.0175E-21
4492000	4.0160E-21
4494000	4.0145E-21
4496000	4.0131E-21
4498000	4.0116E-21
4500000	4.0101E-21
4502000	4.0086E-21
4504000	4.0071E-21
4506000	4.0056E-21
4508000	4.0042E-21
4510000	4.0027E-21
4512000	4.0012E-21
4514000	3.9997E-21
4516000	3.9983E-21
4518000	3.9968E-21
4520000	3.9953E-21
4522000	3.9938E-21
4524000	3.9924E-21
4526000	3.9909E-21
4528000	3.9894E-21
4530000	3.9880E-21
4532000	3.9865E-21
4534000	3.9850E-21
4536000	3.9836E-21
4538000	3.9821E-21
4540000	3.9806E-21
4542000	3.9792E-21
4544000	3.9777E-21
4546000	3.9763E-21
4548000	3.9748E-21
4550000	3.9733E-21
4552000	3.9719E-21
4554000	3.9704E-21
4556000	3.9690E-21
4558000	3.9675E-21
4560000	3.9661E-21
4562000	3.9646E-21
4564000	3.9632E-21
4566000	3.9617E-21
4568000	3.9603E-21
4570000	3.9589E-21
4572000	3.9574E-21
4574000	3.9560E-21
4576000	3.9545E-21
4578000	3.9531E-21
4580000	3.9516E-21
4582000	3.9502E-21
4584000	3.9488E-21
4586000	3.9473E-21
4588000	3.9459E-21
4590000	3.9445E-21
4592000	3.9430E-21
4594000	3.9416E-21
4596000	3.9402E-21
4598000	3.9387E-21
4600000	3.9373E-21
4602000	3.9359E-21
4604000	3.9345E-21
4606000	3.9330E-21
4608000	3.9316E-21
4610000	3.9302E-21
4612000	3.9288E-21
4614000	3.9274E-21
4616000	3.9259E-21
4618000	3.9245E-21
4620000	3.9231E-21
4622000	3.9217E-21
4624000	3.9203E-21
4626000	3.9189E-21
4628000	3.9175E-21
4630000	3.9160E-21
4632000	3.9146E-21
4634000	3.9132E-21
4636000	3.9118E-21
4638000	3.9104E-21
4640000	3.9090E-21
4642000	3.9076E-21
4644000	3.9062E-21
4646000	3.9048E-21
4648000	3.9034E-21
4650000	3.9020E-21
4652000	3.9006E-21
4654000	3.8992E-21
4656000	3.8978E-21
4658000	3.8964E-21
4660000	3.8950E-21
4662000	3.8936E-21
4664000	3.8922E-21
4666000	3.8908E-21
4668000	3.8894E-21
4670000	3.8881E-21
4672000	3.8867E-21
4674000	3.8853E-21
4676000	3.8839E-21
4678000	3.8825E-21
4680000	3.8811E-21
4682000	3.8797E-21
4684000	3.8784E-21
4686000	3.8770E-21
4688000	3.8756E-21
4690000	3.8742E-21
4692000	3.8728E-21
4694000	3.8715E-21
4696000	3.8701E-21
4698000	3.8687E-21
4700000	3.8674E-21
4702000	3.8660E-21
4704000	3.8646E-21
4706000	3.8632E-21
4708000	3.8619E-21
4710000	3.8605E-21
4712000	3.8591E-21
4714000	3.8578E-21
4716000	3.8564E-21
4718000	3.8550E-21
4720000	3.8537E-21
4722000	3.8523E-21
4724000	3.8510E-21
4726000	3.8496E-21
4728000	3.8482E-21
4730000	3.8469E-21
4732000	3.8455E-21
4734000	3.8442E-21
4736000	3.8428E-21
4738000	3.8415E-21
4740000	3.8401E-21
4742000	3.8388E-21
4744000	3.8374E-21
4746000	3.8361E-21
4748000	3.8347E-21
4750000	3.8334E-21
4752000	3.8320E-21
4754000	3.8307E-21
4756000	3.8293E-21
4758000	3.8280E-21
4760000	3.8266E-21
4762000	3.8253E-21
4764000	3.8240E-21
4766000	3.8226E-21
4768000	3.8213E-21
4770000	3.8199E-21
4772000	3.8186E-21
4774000	3.8173E-21
4776000	3.8159E-21
4778000	3.8146E-21
4780000	3.8133E-21
4782000	3.8119E-21
4784000	3.8106E-21
4786000	3.8093E-21
4788000	3.8080E-21
4790000	3.8066E-21
4792000	3.8053E-21
4794000	3.8040E-21
4796000	3.8027E-21
4798000	3.8013E-21
4800000	3.8000E-21
4802000	3.7987E-21
4804000	3.7974E-21
4806000	3.7961E-21
4808000	3.7947E-21
4810000	3.7934E-21
4812000	3.7921E-21
4814000	3.7908E-21
4816000	3.7895E-21
4818000	3.7882E-21
4820000	3.7868E-21
4822000	3.7855E-21
4824000	3.7842E-21
4826000	3.7829E-21
4828000	3.7816E-21
4830000	3.7803E-21
4832000	3.7790E-21
4834000	3.7777E-21
4836000	3.7764E-21
4838000	3.7751E-21
4840000	3.7738E-21
4842000	3.7725E-21
4844000	3.7712E-21
4846000	3.7699E-21
4848000	3.7686E-21
4850000	3.7673E-21
4852000	3.7660E-21
4854000	3.7647E-21
4856000	3.7634E-21
4858000	3.7621E-21
4860000	3.7608E-21
4862000	3.7595E-21
4864000	3.7582E-21
4866000	3.7569E-21
4868000	3.7556E-21
4870000	3.7544E-21
4872000	3.7531E-21
4874000	3.7518E-21
4876000	3.7505E-21
4878000	3.7492E-21
4880000	3.7479E-21
4882000	3.7467E-21
4884000	3.7454E-21
4886000	3.7441E-21
4888000	3.7428E-21
4890000	3.7415E-21
4892000	3.7403E-21
4894000	3.7390E-21
4896000	3.7377E-21
4898000	3.7364E-21
4900000	3.7352E-21
4902000	3.7339E-21
4904000	3.7326E-21
4906000	3.7313E-21
4908000	3.7301E-21
4910000	3.7288E-21
4912000	3.7275E-21
4914000	3.7263E-21
4916000	3.7250E-21
4918000	3.7237E-21
4920000	3.7225E-21
4922000	3.7212E-21
4924000	3.7199E-21
4926000	3.7187E-21
4928000	3.7174E-21
4930000	3.7162E-21
4932000	3.7149E-21
4934000	3.7136E-21
4936000	3.7124E-21
4938000	3.7111E-21
4940000	3.7099E-21
4942000	3.7086E-21
4944000	3.7074E-21
4946000	3.7061E-21
4948000	3.7049E-21
4950000	3.7036E-21
4952000	3.7024E-21
4954000	3.7011E-21
4956000	3.6999E-21
4958000	3.6986E-21
4960000	3.6974E-21
4962000	3.6961E-21
4964000	3.6949E-21
4966000	3.6936E-21
4968000	3.6924E-21
4970000	3.6912E-21
4972000	3.6899E-21
4974000	3.6887E-21
4976000	3.6874E-21
4978000	3.6862E-21
4980000	3.6850E-21
4982000	3.6837E-21
4984000	3.6825E-21
4986000	3.6813E-21
4988000	3.6800E-21
4990000	3.6788E-21
4992000	3.6776E-21
4994000	3.6763E-21
4996000	3.6751E-21
4998000	3.6739E-21
5000000	3.6726E-21
5002000	3.6714E-21
5004000	3.6702E-21
5006000	3.6690E-21
5008000	3.6677E-21
5010000	3.6665E-21
5012000	3.6653E-21
5014000	3.6641E-21
5016000	3.6629E-21
5018000	3.6616E-21
5020000	3.6604E-21
5022000	3.6592E-21
5024000	3.6580E-21
5026000	3.6568E-21
5028000	3.6555E-21
5030000	3.6543E-21
5032000	3.6531E-21
5034000	3.6519E-21
5036000	3.6507E-21
5038000	3.6495E-21
5040000	3.6483E-21
5042000	3.6471E-21
5044000	3.6459E-21
5046000	3.6446E-21
5048000	3.6434E-21
5050000	3.6422E-21
5052000	3.6410E-21
5054000	3.6398E-21
5056000	3.6386E-21
5058000	3.6374E-21
5060000	3.6362E-21
5062000	3.6350E-21
5064000	3.6338E-21
5066000	3.6326E-21
5068000	3.6314E-21
5070000	3.6302E-21
5072000	3.6290E-21
5074000	3.6278E-21
5076000	3.6266E-21
5078000	3.6254E-21
5080000	3.6242E-21
5082000	3.6231E-21
5084000	3.6219E-21
5086000	3.6207E-21
5088000	3.6195E-21
5090000	3.6183E-21
5092000	3.6171E-21
5094000	3.6159E-21
5096000	3.6147E-21
5098000	3.6135E-21
5100000	3.6124E-21
5102000	3.6112E-21
5104000	3.6100E-21
5106000	3.6088E-21
5108000	3.6076E-21
5110000	3.6064E-21
5112000	3.6053E-21
5114000	3.6041E-21
5116000	3.6029E-21
5118000	3.6017E-21
5120000	3.6006E-21
5122000	3.5994E-21
5124000	3.5982E-21
5126000	3.5970E-21
5128000	3.5959E-21
5130000	3.5947E-21
5132000	3.5935E-21
5134000	3.5923E-21
5136000	3.5912E-21
5138000	3.5900E-21
5140000	3.5888E-21
5142000	3.5877E-21
5144000	3.5865E-21
5146000	3.5853E-21
5148000	3.5842E-21
5150000	3.5830E-21
5152000	3.5818E-21
5154000	3.5807E-21
5156000	3.5795E-21
5158000	3.5784E-21
5160000	3.5772E-21
5162000	3.5760E-21
5164000	3.5749E-21
5166000	3.5737E-21
5168000	3.5726E-21
5170000	3.5714E-21
5172000	3.5703E-21
5174000	3.5691E-21
5176000	3.5679E-21
5178000	3.5668E-21
5180000	3.5656E-21
5182000	3.5645E-21
5184000	3.5633E-21
5186000	3.5622E-21
5188000	3.5610E-21
5190000	3.5599E-21
5192000	3.5587E-21
5194000	3.5576E-21
5196000	3.5565E-21
5198000	3.5553E-21
5200000	3.5542E-21
5202000	3.5530E-21
5204000	3.5519E-21
5206000	3.5507E-21
5208000	3.5496E-21
5210000	3.5485E-21
5212000	3.5473E-21
5214000	3.5462E-21
5216000	3.5450E-21
5218000	3.5439E-21
5220000	3.5428E-21
5222000	3.5416E-21
5224000	3.5405E-21
5226000	3.5394E-21
5228000	3.5382E-21
5230000	3.5371E-21
5232000	3.5360E-21
5234000	3.5348E-21
5236000	3.5337E-21
5238000	3.5326E-21
5240000	3.5314E-21
5242000	3.5303E-21
5244000	3.5292E-21
5246000	3.5281E-21
5248000	3.5269E-21
5250000	3.5258E-21
5252000	3.5247E-21
5254000	3.5236E-21
5256000	3.5225E-21
5258000	3.5213E-21
5260000	3.5202E-21
5262000	3.5191E-21
5264000	3.5180E-21
5266000	3.5169E-21
5268000	3.5157E-21
5270000	3.5146E-21
5272000	3.5135E-21
5274000	3.5124E-21
5276000	3.5113E-21
5278000	3.5102E-21
5280000	3.5090E-21
5282000	3.5079E-21
5284000	3.5068E-21
5286000	3.5057E-21
5288000	3.5046E-21
5290000	3.5035E-21
5292000	3.5024E-21
5294000	3.5013E-21
5296000	3.5002E-21
5298000	3.4991E-21
5300000	3.4980E-21
5302000	3.4969E-21
5304000	3.4957E-21
5306000	3.4946E-21
5308000	3.4935E-21
5310000	3.4924E-21
5312000	3.4913E-21
5314000	3.4902E-21
5316000	3.4891E-21
5318000	3.4880E-21
5320000	3.4869E-21
5322000	3.4858E-21
5324000	3.4848E-21
5326000	3.4837E-21
5328000	3.4826E-21
5330000	3.4815E-21
5332000	3.4804E-21
5334000	3.4793E-21
5336000	3.4782E-21
5338000	3.4771E-21
5340000	3.4760E-21
5342000	3.4749E-21
5344000	3.4738E-21
5346000	3.4727E-21
5348000	3.4717E-21
5350000	3.4706E-21
5352000	3.4695E-21
5354000	3.4684E-21
5356000	3.4673E-21
5358000	3.4662E-21
5360000	3.4651E-21
5362000	3.4641E-21
5364000	3.4630E-21
5366000	3.4619E-21
5368000	3.4608E-21
5370000	3.4597E-21
5372000	3.4587E-21
5374000	3.4576E-21
5376000	3.4565E-21
5378000	3.4554E-21
5380000	3.4544E-21
5382000	3.4533E-21
5384000	3.4522E-21
5386000	3.4511E-21
5388000	3.4501E-21
5390000	3.4490E-21
5392000	3.4479E-21
5394000	3.4468E-21
5396000	3.4458E-21
5398000	3.4447E-21
5400000	3.4436E-21
5402000	3.4426E-21
5404000	3.4415E-21
5406000	3.4404E-21
5408000	3.4394E-21
5410000	3.4383E-21
5412000	3.4372E-21
5414000	3.4362E-21
5416000	3.4351E-21
5418000	3.4341E-21
5420000	3.4330E-21
5422000	3.4319E-21
5424000	3.4309E-21
5426000	3.4298E-21
5428000	3.4288E-21
5430000	3.4277E-21
5432000	3.4266E-21
5434000	3.4256E-21
5436000	3.4245E-21
5438000	3.4235E-21
5440000	3.4224E-21
5442000	3.4214E-21
5444000	3.4203E-21
5446000	3.4193E-21
5448000	3.4182E-21
5450000	3.4172E-21
5452000	3.4161E-21
5454000	3.4151E-21
5456000	3.4140E-21
5458000	3.4130E-21
5460000	3.4119E-21
5462000	3.4109E-21
5464000	3.4098E-21
5466000	3.4088E-21
5468000	3.4077E-21
5470000	3.4067E-21
5472000	3.4056E-21
5474000	3.4046E-21
5476000	3.4036E-21
5478000	3.4025E-21
5480000	3.4015E-21
5482000	3.4004E-21
5484000	3.3994E-21
5486000	3.3984E-21
5488000	3.3973E-21
5490000	3.3963E-21
5492000	3.3952E-21
5494000	3.3942E-21
5496000	3.3932E-21
5498000	3.3921E-21
5500000	3.3911E-21
5502000	3.3901E-21
5504000	3.3890E-21
5506000	3.3880E-21
5508000	3.3870E-21
5510000	3.3860E-21
5512000	3.3849E-21
5514000	3.3839E-21
5516000	3.3829E-21
5518000	3.3818E-21
5520000	3.3808E-21
5522000	3.3798E-21
5524000	3.3788E-21
5526000	3.3777E-21
5528000	3.3767E-21
5530000	3.3757E-21
5532000	3.3747E-21
5534000	3.3736E-21
5536000	3.3726E-21
5538000	3.3716E-21
5540000	3.3706E-21
5542000	3.3696E-21
5544000	3.3685E-21
5546000	3.3675E-21
5548000	3.3665E-21
5550000	3.3655E-21
5552000	3.3645E-21
5554000	3.3635E-21
5556000	3.3624E-21
5558000	3.3614E-21
5560000	3.3604E-21
5562000	3.3594E-21
5564000	3.3584E-21
5566000	3.3574E-21
5568000	3.3564E-21
5570000	3.3554E-21
5572000	3.3543E-21
5574000	3.3533E-21
5576000	3.3523E-21
5578000	3.3513E-21
5580000	3.3503E-21
5582000	3.3493E-21
5584000	3.3483E-21
5586000	3.3473E-21
5588000	3.3463E-21
5590000	3.3453E-21
5592000	3.3443E-21
5594000	3.3433E-21
5596000	3.3423E-21
5598000	3.3413E-21
5600000	3.3403E-21
5602000	3.3393E-21
5604000	3.3383E-21
5606000	3.3373E-21
5608000	3.3363E-21
5610000	3.3353E-21
5612000	3.3343E-21
5614000	3.3333E-21
5616000	3.3323E-21
5618000	3.3313E-21
5620000	3.3303E-21
5622000	3.3293E-21
5624000	3.3283E-21
5626000	3.3273E-21
5628000	3.3263E-21
5630000	3.3253E-21
5632000	3.3244E-21
5634000	3.3234E-21
5636000	3.3224E-21
5638000	3.3214E-21
5640000	3.3204E-21
5642000	3.3194E-21
5644000	3.3184E-21
5646000	3.3174E-21
5648000	3.3165E-21
5650000	3.3155E-21
5652000	3.3145E-21
5654000	3.3135E-21
5656000	3.3125E-21
5658000	3.3115E-21
5660000	3.3106E-21
5662000	3.3096E-21
5664000	3.3086E-21
5666000	3.3076E-21
5668000	3.3066E-21
5670000	3.3057E-21
5672000	3.3047E-21
5674000	3.3037E-21
5676000	3.3027E-21
5678000	3.3018E-21
5680000	3.3008E-21
5682000	3.2998E-21
5684000	3.2988E-21
5686000	3.2979E-21
5688000	3.2969E-21
5690000	3.2959E-21
5692000	3.2949E-21
5694000	3.2940E-21
5696000	3.2930E-21
5698000	3.2920E-21
5700000	3.2911E-21
5702000	3.2901E-21
5704000	3.2891E-21
5706000	3.2882E-21
5708000	3.2872E-21
5710000	3.2862E-21
5712000	3.2853E-21
5714000	3.2843E-21
5716000	3.2833E-21
5718000	3.2824E-21
5720000	3.2814E-21
5722000	3.2805E-21
5724000	3.2795E-21
5726000	3.2785E-21
5728000	3.2776E-21
5730000	3.2766E-21
5732000	3.2756E-21
5734000	3.2747E-21
5736000	3.2737E-21
5738000	3.2728E-21
5740000	3.2718E-21
5742000	3.2709E-21
5744000	3.2699E-21
5746000	3.2690E-21
5748000	3.2680E-21
5750000	3.2670E-21
5752000	3.2661E-21
5754000	3.2651E-21
5756000	3.2642E-21
5758000	3.2632E-21
5760000	3.2623E-21
5762000	3.2613E-21
5764000	3.2604E-21
5766000	3.2594E-21
5768000	3.2585E-21
5770000	3.2575E-21
5772000	3.2566E-21
5774000	3.2556E-21
5776000	3.2547E-21
5778000	3.2538E-21
5780000	3.2528E-21
5782000	3.2519E-21
5784000	3.2509E-21
5786000	3.2500E-21
5788000	3.2490E-21
5790000	3.2481E-21
5792000	3.2472E-21
5794000	3.2462E-21
5796000	3.2453E-21
5798000	3.2443E-21
5800000	3.2434E-21
5802000	3.2425E-21
5804000	3.2415E-21
5806000	3.2406E-21
5808000	3.2396E-21
5810000	3.2387E-21
5812000	3.2378E-21
5814000	3.2368E-21
5816000	3.2359E-21
5818000	3.2350E-21
5820000	3.2340E-21
5822000	3.2331E-21
5824000	3.2322E-21
5826000	3.2312E-21
5828000	3.2303E-21
5830000	3.2294E-21
5832000	3.2285E-21
5834000	3.2275E-21
5836000	3.2266E-21
5838000	3.2257E-21
5840000	3.2247E-21
5842000	3.2238E-21
5844000	3.2229E-21
5846000	3.2220E-21
5848000	3.2210E-21
5850000	3.2201E-21
5852000	3.2192E-21
5854000	3.2183E-21
5856000	3.2173E-21
5858000	3.2164E-21
5860000	3.2155E-21
5862000	3.2146E-21
5864000	3.2137E-21
5866000	3.2127E-21
5868000	3.2118E-21
5870000	3.2109E-21
5872000	3.2100E-21
5874000	3.2091E-21
5876000	3.2081E-21
5878000	3.2072E-21
5880000	3.2063E-21
5882000	3.2054E-21
5884000	3.2045E-21
5886000	3.2036E-21
5888000	3.2027E-21
5890000	3.2017E-21
5892000	3.2008E-21
5894000	3.1999E-21
5896000	3.1990E-21
5898000	3.1981E-21
5900000	3.1972E-21
5902000	3.1963E-21
5904000	3.1954E-21
5906000	3.1945E-21
5908000	3.1936E-21
5910000	3.1926E-21
5912000	3.1917E-21
5914000	3.1908E-21
5916000	3.1899E-21
5918000	3.1890E-21
5920000	3.1881E-21
5922000	3.1872E-21
5924000	3.1863E-21
5926000	3.1854E-21
5928000	3.1845E-21
5930000	3.1836E-21
5932000	3.1827E-21
5934000	3.1818E-21
5936000	3.1809E-21
5938000	3.1800E-21
5940000	3.1791E-21
5942000	3.1782E-21
5944000	3.1773E-21
5946000	3.1764E-21
5948000	3.1755E-21
5950000	3.1746E-21
5952000	3.1737E-21
5954000	3.1728E-21
5956000	3.1719E-21
5958000	3.1710E-21
5960000	3.1701E-21
5962000	3.1692E-21
5964000	3.1684E-21
5966000	3.1675E-21
5968000	3.1666E-21
5970000	3.1657E-21
5972000	3.1648E-21
5974000	3.1639E-21
5976000	3.1630E-21
5978000	3.1621E-21
5980000	3.1612E-21
5982000	3.1603E-21
5984000	3.1595E-21
5986000	3.1586E-21
5988000	3.1577E-21
5990000	3.1568E-21
5992000	3.1559E-21
5994000	3.1550E-21
5996000	3.1541E-21
5998000	3.1533E-21
6000000	3.1524E-21
6002000	3.1515E-21
6004000	3.1506E-21
6006000	3.1497E-21
6008000	3.1489E-21
6010000	3.1480E-21
6012000	3.1471E-21
6014000	3.1462E-21
6016000	3.1453E-21
6018000	3.1445E-21
6020000	3.1436E-21
6022000	3.1427E-21
6024000	3.1418E-21
6026000	3.1410E-21
6028000	3.1401E-21
6030000	3.1392E-21
6032000	3.1383E-21
6034000	3.1375E-21
6036000	3.1366E-21
6038000	3.1357E-21
6040000	3.1348E-21
6042000	3.1340E-21
6044000	3.1331E-21
6046000	3.1322E-21
6048000	3.1314E-21
6050000	3.1305E-21
6052000	3.1296E-21
6054000	3.1287E-21
6056000	3.1279E-21
6058000	3.1270E-21
6060000	3.1261E-21
6062000	3.1253E-21
6064000	3.1244E-21
6066000	3.1235E-21
6068000	3.1227E-21
6070000	3.1218E-21
6072000	3.1210E-21
6074000	3.1201E-21
6076000	3.1192E-21
6078000	3.1184E-21
6080000	3.1175E-21
6082000	3.1166E-21
6084000	3.1158E-21
6086000	3.1149E-21
6088000	3.1141E-21
6090000	3.1132E-21
6092000	3.1123E-21
6094000	3.1115E-21
6096000	3.1106E-21
6098000	3.1098E-21
6100000	3.1089E-21
6102000	3.1081E-21
6104000	3.1072E-21
6106000	3.1063E-21
6108000	3.1055E-21
6110000	3.1046E-21
6112000	3.1038E-21
6114000	3.1029E-21
6116000	3.1021E-21
6118000	3.1012E-21
6120000	3.1004E-21
6122000	3.0995E-21
6124000	3.0987E-21
6126000	3.0978E-21
6128000	3.0970E-21
6130000	3.0961E-21
6132000	3.0953E-21
6134000	3.0944E-21
6136000	3.0936E-21
6138000	3.0927E-21
6140000	3.0919E-21
6142000	3.0910E-21
6144000	3.0902E-21
6146000	3.0893E-21
6148000	3.0885E-21
6150000	3.0877E-21
6152000	3.0868E-21
6154000	3.0860E-21
6156000	3.0851E-21
6158000	3.0843E-21
6160000	3.0834E-21
6162000	3.0826E-21
6164000	3.0818E-21
6166000	3.0809E-21
6168000	3.0801E-21
6170000	3.0792E-21
6172000	3.0784E-21
6174000	3.0776E-21
6176000	3.0767E-21
6178000	3.0759E-21
6180000	3.0751E-21
6182000	3.0742E-21
6184000	3.0734E-21
6186000	3.0725E-21
6188000	3.0717E-21
6190000	3.0709E-21
6192000	3.0700E-21
6194000	3.0692E-21
6196000	3.0684E-21
6198000	3.0675E-21
6200000	3.0667E-21
6202000	3.0659E-21
6204000	3.0650E-21
6206000	3.0642E-21
6208000	3.0634E-21
6210000	3.0626E-21
6212000	3.0617E-21
6214000	3.0609E-21
6216000	3.0601E-21
6218000	3.0592E-21
6220000	3.0584E-21
6222000	3.0576E-21
6224000	3.0568E-21
6226000	3.0559E-21
6228000	3.0551E-21
6230000	3.0543E-21
6232000	3.0535E-21
6234000	3.0526E-21
6236000	3.0518E-21
6238000	3.0510E-21
6240000	3.0502E-21
6242000	3.0494E-21
6244000	3.0485E-21
6246000	3.0477E-21
6248000	3.0469E-21
6250000	3.0461E-21
6252000	3.0453E-21
6254000	3.0444E-21
6256000	3.0436E-21
6258000	3.0428E-21
6260000	3.0420E-21
6262000	3.0412E-21
6264000	3.0403E-21
6266000	3.0395E-21
6268000	3.0387E-21
6270000	3.0379E-21
6272000	3.0371E-21
6274000	3.0363E-21
6276000	3.0355E-21
6278000	3.0346E-21
6280000	3.0338E-21
6282000	3.0330E-21
6284000	3.0322E-21
6286000	3.0314E-21
6288000	3.0306E-21
6290000	3.0298E-21
6292000	3.0290E-21
6294000	3.0282E-21
6296000	3.0273E-21
6298000	3.0265E-21
6300000	3.0257E-21
6302000	3.0249E-21
6304000	3.0241E-21
6306000	3.0233E-21
6308000	3.0225E-21
6310000	3.0217E-21
6312000	3.0209E-21
6314000	3.0201E-21
6316000	3.0193E-21
6318000	3.0185E-21
6320000	3.0177E-21
6322000	3.0169E-21
6324000	3.0161E-21
6326000	3.0153E-21
6328000	3.0145E-21
6330000	3.0137E-21
6332000	3.0129E-21
6334000	3.0121E-21
6336000	3.0113E-21
6338000	3.0105E-21
6340000	3.0097E-21
6342000	3.0089E-21
6344000	3.0081E-21
6346000	3.0073E-21
6348000	3.0065E-21
6350000	3.0057E-21
6352000	3.0049E-21
6354000	3.0041E-21
6356000	3.0033E-21
6358000	3.0025E-21
6360000	3.0017E-21
6362000	3.0009E-21
6364000	3.0001E-21
6366000	2.9993E-21
6368000	2.9985E-21
6370000	2.9977E-21
6372000	2.9969E-21
6374000	2.9962E-21
6376000	2.9954E-21
6378000	2.9946E-21
6380000	2.9938E-21
6382000	2.9930E-21
6384000	2.9922E-21
6386000	2.9914E-21
6388000	2.9906E-21
6390000	2.9898E-21
6392000	2.9891E-21
6394000	2.9883E-21
6396000	2.9875E-21
6398000	2.9867E-21
6400000	2.9859E-21
6402000	2.9851E-21
6404000	2.9843E-21
6406000	2.9836E-21
6408000	2.9828E-21
6410000	2.9820E-21
6412000	2.9812E-21
6414000	2.9804E-21
6416000	2.9796E-21
6418000	2.9789E-21
6420000	2.9781E-21
6422000	2.9773E-21
6424000	2.9765E-21
6426000	2.9757E-21
6428000	2.9750E-21
6430000	2.9742E-21
6432000	2.9734E-21
6434000	2.9726E-21
6436000	2.9719E-21
6438000	2.9711E-21
6440000	2.9703E-21
6442000	2.9695E-21
6444000	2.9687E-21
6446000	2.9680E-21
6448000	2.9672E-21
6450000	2.9664E-21
6452000	2.9656E-21
6454000	2.9649E-21
6456000	2.9641E-21
6458000	2.9633E-21
6460000	2.9626E-21
6462000	2.9618E-21
6464000	2.9610E-21
6466000	2.9602E-21
6468000	2.9595E-21
6470000	2.9587E-21
6472000	2.9579E-21
6474000	2.9572E-21
6476000	2.9564E-21
6478000	2.9556E-21
6480000	2.9549E-21
6482000	2.9541E-21
6484000	2.9533E-21
6486000	2.9526E-21
6488000	2.9518E-21
6490000	2.9510E-21
6492000	2.9503E-21
6494000	2.9495E-21
6496000	2.9487E-21
6498000	2.9480E-21
6500000	2.9472E-21
6502000	2.9464E-21
6504000	2.9457E-21
6506000	2.9449E-21
6508000	2.9442E-21
6510000	2.9434E-21
6512000	2.9426E-21
6514000	2.9419E-21
6516000	2.9411E-21
6518000	2.9404E-21
6520000	2.9396E-21
6522000	2.9388E-21
6524000	2.9381E-21
6526000	2.9373E-21
6528000	2.9366E-21
6530000	2.9358E-21
6532000	2.9351E-21
6534000	2.9343E-21
6536000	2.9335E-21
6538000	2.9328E-21
6540000	2.9320E-21
6542000	2.9313E-21
6544000	2.9305E-21
6546000	2.9298E-21
6548000	2.9290E-21
6550000	2.9283E-21
6552000	2.9275E-21
6554000	2.9268E-21
6556000	2.9260E-21
6558000	2.9253E-21
6560000	2.9245E-21
6562000	2.9238E-21
6564000	2.9230E-21
6566000	2.9223E-21
6568000	2.9215E-21
6570000	2.9208E-21
6572000	2.9200E-21
6574000	2.9193E-21
6576000	2.9185E-21
6578000	2.9178E-21
6580000	2.9170E-21
6582000	2.9163E-21
6584000	2.9155E-21
6586000	2.9148E-21
6588000	2.9140E-21
6590000	2.9133E-21
6592000	2.9125E-21
6594000	2.9118E-21
6596000	2.9111E-21
6598000	2.9103E-21
6600000	2.9096E-21
6602000	2.9088E-21
6604000	2.9081E-21
6606000	2.9073E-21
6608000	2.9066E-21
6610000	2.9059E-21
6612000	2.9051E-21
6614000	2.9044E-21
6616000	2.9036E-21
6618000	2.9029E-21
6620000	2.9022E-21
6622000	2.9014E-21
6624000	2.9007E-21
6626000	2.9000E-21
6628000	2.8992E-21
6630000	2.8985E-21
6632000	2.8977E-21
6634000	2.8970E-21
6636000	2.8963E-21
6638000	2.8955E-21
6640000	2.8948E-21
6642000	2.8941E-21
6644000	2.8933E-21
6646000	2.8926E-21
6648000	2.8919E-21
6650000	2.8911E-21
6652000	2.8904E-21
6654000	2.8897E-21
6656000	2.8889E-21
6658000	2.8882E-21
6660000	2.8875E-21
6662000	2.8868E-21
6664000	2.8860E-21
6666000	2.8853E-21
6668000	2.8846E-21
6670000	2.8838E-21
6672000	2.8831E-21
6674000	2.8824E-21
6676000	2.8817E-21
6678000	2.8809E-21
6680000	2.8802E-21
6682000	2.8795E-21
6684000	2.8787E-21
6686000	2.8780E-21
6688000	2.8773E-21
6690000	2.8766E-21
6692000	2.8759E-21
6694000	2.8751E-21
6696000	2.8744E-21
6698000	2.8737E-21
6700000	2.8730E-21
6702000	2.8722E-21
6704000	2.8715E-21
6706000	2.8708E-21
6708000	2.8701E-21
6710000	2.8694E-21
6712000	2.8686E-21
6714000	2.8679E-21
6716000	2.8672E-21
6718000	2.8665E-21
6720000	2.8658E-21
6722000	2.8650E-21
6724000	2.8643E-21
6726000	2.8636E-21
6728000	2.8629E-21
6730000	2.8622E-21
6732000	2.8615E-21
6734000	2.8607E-21
6736000	2.8600E-21
6738000	2.8593E-21
6740000	2.8586E-21
6742000	2.8579E-21
6744000	2.8572E-21
6746000	2.8564E-21
6748000	2.8557E-21
6750000	2.8550E-21
6752000	2.8543E-21
6754000	2.8536E-21
6756000	2.8529E-21
6758000	2.8522E-21
6760000	2.8515E-21
6762000	2.8508E-21
6764000	2.8500E-21
6766000	2.8493E-21
6768000	2.8486E-21
6770000	2.8479E-21
6772000	2.8472E-21
6774000	2.8465E-21
6776000	2.8458E-21
6778000	2.8451E-21
6780000	2.8444E-21
6782000	2.8437E-21
6784000	2.8430E-21
6786000	2.8423E-21
6788000	2.8415E-21
6790000	2.8408E-21
6792000	2.8401E-21
6794000	2.8394E-21
6796000	2.8387E-21
6798000	2.8380E-21
6800000	2.8373E-21
6802000	2.8366E-21
6804000	2.8359E-21
6806000	2.8352E-21
6808000	2.8345E-21
6810000	2.8338E-21
6812000	2.8331E-21
6814000	2.8324E-21
6816000	2.8317E-21
6818000	2.8310E-21
6820000	2.8303E-21
6822000	2.8296E-21
6824000	2.8289E-21
6826000	2.8282E-21
6828000	2.8275E-21
6830000	2.8268E-21
6832000	2.8261E-21
6834000	2.8254E-21
6836000	2.8247E-21
6838000	2.8240E-21
6840000	2.8233E-21
6842000	2.8226E-21
6844000	2.8219E-21
6846000	2.8213E-21
6848000	2.8206E-21
6850000	2.8199E-21
6852000	2.8192E-21
6854000	2.8185E-21
6856000	2.8178E-21
6858000	2.8171E-21
6860000	2.8164E-21
6862000	2.8157E-21
6864000	2.8150E-21
6866000	2.8143E-21
6868000	2.8136E-21
6870000	2.8129E-21
6872000	2.8123E-21
6874000	2.8116E-21
6876000	2.8109E-21
6878000	2.8102E-21
6880000	2.8095E-21
6882000	2.8088E-21
6884000	2.8081E-21
6886000	2.8074E-21
6888000	2.8067E-21
6890000	2.8061E-21
6892000	2.8054E-21
6894000	2.8047E-21
6896000	2.8040E-21
6898000	2.8033E-21
6900000	2.8026E-21
6902000	2.8019E-21
6904000	2.8013E-21
6906000	2.8006E-21
6908000	2.7999E-21
6910000	2.7992E-21
6912000	2.7985E-21
6914000	2.7978E-21
6916000	2.7972E-21
6918000	2.7965E-21
6920000	2.7958E-21
6922000	2.7951E-21
6924000	2.7944E-21
6926000	2.7938E-21
6928000	2.7931E-21
6930000	2.7924E-21
6932000	2.7917E-21
6934000	2.7910E-21
6936000	2.7904E-21
6938000	2.7897E-21
6940000	2.7890E-21
6942000	2.7883E-21
6944000	2.7877E-21
6946000	2.7870E-21
6948000	2.7863E-21
6950000	2.7856E-21
6952000	2.7849E-21
6954000	2.7843E-21
6956000	2.7836E-21
6958000	2.7829E-21
6960000	2.7823E-21
6962000	2.7816E-21
6964000	2.7809E-21
6966000	2.7802E-21
6968000	2.7796E-21
6970000	2.7789E-21
6972000	2.7782E-21
6974000	2.7775E-21
6976000	2.7769E-21
6978000	2.7762E-21
6980000	2.7755E-21
6982000	2.7749E-21
6984000	2.7742E-21
6986000	2.7735E-21
6988000	2.7728E-21
6990000	2.7722E-21
6992000	2.7715E-21
6994000	2.7708E-21
6996000	2.7702E-21
6998000	2.7695E-21
7000000	2.7688E-21
7002000	2.7682E-21
7004000	2.7675E-21
7006000	2.7668E-21
7008000	2.7662E-21
7010000	2.7655E-21
7012000	2.7648E-21
7014000	2.7642E-21
7016000	2.7635E-21
7018000	2.7629E-21
7020000	2.7622E-21
7022000	2.7615E-21
7024000	2.7609E-21
7026000	2.7602E-21
7028000	2.7595E-21
7030000	2.7589E-21
7032000	2.7582E-21
7034000	2.7576E-21
7036000	2.7569E-21
7038000	2.7562E-21
7040000	2.7556E-21
7042000	2.7549E-21
7044000	2.7542E-21
7046000	2.7536E-21
7048000	2.7529E-21
7050000	2.7523E-21
7052000	2.7516E-21
7054000	2.7510E-21
7056000	2.7503E-21
7058000	2.7496E-21
7060000	2.7490E-21
7062000	2.7483E-21
7064000	2.7477E-21
7066000	2.7470E-21
7068000	2.7464E-21
7070000	2.7457E-21
7072000	2.7451E-21
7074000	2.7444E-21
7076000	2.7437E-21
7078000	2.7431E-21
7080000	2.7424E-21
7082000	2.7418E-21
7084000	2.7411E-21
7086000	2.7405E-21
7088000	2.7398E-21
7090000	2.7392E-21
7092000	2.7385E-21
7094000	2.7379E-21
7096000	2.7372E-21
7098000	2.7366E-21
7100000	2.7359E-21
7102000	2.7353E-21
7104000	2.7346E-21
7106000	2.7340E-21
7108000	2.7333E-21
7110000	2.7327E-21
7112000	2.7320E-21
7114000	2.7314E-21
7116000	2.7307E-21
7118000	2.7301E-21
7120000	2.7294E-21
7122000	2.7288E-21
7124000	2.7281E-21
7126000	2.7275E-21
7128000	2.7268E-21
7130000	2.7262E-21
7132000	2.7256E-21
7134000	2.7249E-21
7136000	2.7243E-21
7138000	2.7236E-21
7140000	2.7230E-21
7142000	2.7223E-21
7144000	2.7217E-21
7146000	2.7211E-21
7148000	2.7204E-21
7150000	2.7198E-21
7152000	2.7191E-21
7154000	2.7185E-21
7156000	2.7178E-21
7158000	2.7172E-21
7160000	2.7166E-21
7162000	2.7159E-21
7164000	2.7153E-21
7166000	2.7146E-21
7168000	2.7140E-21
7170000	2.7134E-21
7172000	2.7127E-21
7174000	2.7121E-21
7176000	2.7115E-21
7178000	2.7108E-21
7180000	2.7102E-21
7182000	2.7095E-21
7184000	2.7089E-21
7186000	2.7083E-21
7188000	2.7076E-21
7190000	2.7070E-21
7192000	2.7064E-21
7194000	2.7057E-21
7196000	2.7051E-21
7198000	2.7045E-21
7200000	2.7038E-21
7202000	2.7032E-21
7204000	2.7026E-21
7206000	2.7019E-21
7208000	2.7013E-21
7210000	2.7007E-21
7212000	2.7000E-21
7214000	2.6994E-21
7216000	2.6988E-21
7218000	2.6981E-21
7220000	2.6975E-21
7222000	2.6969E-21
7224000	2.6962E-21
7226000	2.6956E-21
7228000	2.6950E-21
7230000	2.6944E-21
7232000	2.6937E-21
7234000	2.6931E-21
7236000	2.6925E-21
7238000	2.6918E-21
7240000	2.6912E-21
7242000	2.6906E-21
7244000	2.6900E-21
7246000	2.6893E-21
7248000	2.6887E-21
7250000	2.6881E-21
7252000	2.6875E-21
7254000	2.6868E-21
7256000	2.6862E-21
7258000	2.6856E-21
7260000	2.6850E-21
7262000	2.6843E-21
7264000	2.6837E-21
7266000	2.6831E-21
7268000	2.6825E-21
7270000	2.6818E-21
7272000	2.6812E-21
7274000	2.6806E-21
7276000	2.6800E-21
7278000	2.6794E-21
7280000	2.6787E-21
7282000	2.6781E-21
7284000	2.6775E-21
7286000	2.6769E-21
7288000	2.6763E-21
7290000	2.6756E-21
7292000	2.6750E-21
7294000	2.6744E-21
7296000	2.6738E-21
7298000	2.6732E-21
7300000	2.6725E-21
7302000	2.6719E-21
7304000	2.6713E-21
7306000	2.6707E-21
7308000	2.6701E-21
7310000	2.6695E-21
7312000	2.6688E-21
7314000	2.6682E-21
7316000	2.6676E-21
7318000	2.6670E-21
7320000	2.6664E-21
7322000	2.6658E-21
7324000	2.6651E-21
7326000	2.6645E-21
7328000	2.6639E-21
7330000	2.6633E-21
7332000	2.6627E-21
7334000	2.6621E-21
7336000	2.6615E-21
7338000	2.6609E-21
7340000	2.6602E-21
7342000	2.6596E-21
7344000	2.6590E-21
7346000	2.6584E-21
7348000	2.6578E-21
7350000	2.6572E-21
7352000	2.6566E-21
7354000	2.6560E-21
7356000	2.6554E-21
7358000	2.6547E-21
7360000	2.6541E-21
7362000	2.6535E-21
7364000	2.6529E-21
7366000	2.6523E-21
7368000	2.6517E-21
7370000	2.6511E-21
7372000	2.6505E-21
7374000	2.6499E-21
7376000	2.6493E-21
7378000	2.6487E-21
7380000	2.6481E-21
7382000	2.6475E-21
7384000	2.6469E-21
7386000	2.6462E-21
7388000	2.6456E-21
7390000	2.6450E-21
7392000	2.6444E-21
7394000	2.6438E-21
7396000	2.6432E-21
7398000	2.6426E-21
7400000	2.6420E-21
7402000	2.6414E-21
7404000	2.6408E-21
7406000	2.6402E-21
7408000	2.6396E-21
7410000	2.6390E-21
7412000	2.6384E-21
7414000	2.6378E-21
7416000	2.6372E-21
7418000	2.6366E-21
7420000	2.6360E-21
7422000	2.6354E-21
7424000	2.6348E-21
7426000	2.6342E-21
7428000	2.6336E-21
7430000	2.6330E-21
7432000	2.6324E-21
7434000	2.6318E-21
7436000	2.6312E-21
7438000	2.6306E-21
7440000	2.6300E-21
7442000	2.6294E-21
7444000	2.6288E-21
7446000	2.6282E-21
7448000	2.6276E-21
7450000	2.6270E-21
7452000	2.6264E-21
7454000	2.6259E-21
7456000	2.6253E-21
7458000	2.6247E-21
7460000	2.6241E-21
7462000	2.6235E-21
7464000	2.6229E-21
7466000	2.6223E-21
7468000	2.6217E-21
7470000	2.6211E-21
7472000	2.6205E-21
7474000	2.6199E-21
7476000	2.6193E-21
7478000	2.6187E-21
7480000	2.6181E-21
7482000	2.6176E-21
7484000	2.6170E-21
7486000	2.6164E-21
7488000	2.6158E-21
7490000	2.6152E-21
7492000	2.6146E-21
7494000	2.6140E-21
7496000	2.6134E-21
7498000	2.6128E-21
7500000	2.6122E-21
7502000	2.6117E-21
7504000	2.6111E-21
7506000	2.6105E-21
7508000	2.6099E-21
7510000	2.6093E-21
7512000	2.6087E-21
7514000	2.6081E-21
7516000	2.6076E-21
7518000	2.6070E-21
7520000	2.6064E-21
7522000	2.6058E-21
7524000	2.6052E-21
7526000	2.6046E-21
7528000	2.6040E-21
7530000	2.6035E-21
7532000	2.6029E-21
7534000	2.6023E-21
7536000	2.6017E-21
7538000	2.6011E-21
7540000	2.6005E-21
7542000	2.6000E-21
7544000	2.5994E-21
7546000	2.5988E-21
7548000	2.5982E-21
7550000	2.5976E-21
7552000	2.5970E-21
7554000	2.5965E-21
7556000	2.5959E-21
7558000	2.5953E-21
7560000	2.5947E-21
7562000	2.5941E-21
7564000	2.5936E-21
7566000	2.5930E-21
7568000	2.5924E-21
7570000	2.5918E-21
7572000	2.5913E-21
7574000	2.5907E-21
7576000	2.5901E-21
7578000	2.5895E-21
7580000	2.5889E-21
7582000	2.5884E-21
7584000	2.5878E-21
7586000	2.5872E-21
7588000	2.5866E-21
7590000	2.5861E-21
7592000	2.5855E-21
7594000	2.5849E-21
7596000	2.5843E-21
7598000	2.5838E-21
7600000	2.5832E-21
7602000	2.5826E-21
7604000	2.5820E-21
7606000	2.5815E-21
7608000	2.5809E-21
7610000	2.5803E-21
7612000	2.5797E-21
7614000	2.5792E-21
7616000	2.5786E-21
7618000	2.5780E-21
7620000	2.5775E-21
7622000	2.5769E-21
7624000	2.5763E-21
7626000	2.5757E-21
7628000	2.5752E-21
7630000	2.5746E-21
7632000	2.5740E-21
7634000	2.5735E-21
7636000	2.5729E-21
7638000	2.5723E-21
7640000	2.5718E-21
7642000	2.5712E-21
7644000	2.5706E-21
7646000	2.5701E-21
7648000	2.5695E-21
7650000	2.5689E-21
7652000	2.5683E-21
7654000	2.5678E-21
7656000	2.5672E-21
7658000	2.5666E-21
7660000	2.5661E-21
7662000	2.5655E-21
7664000	2.5650E-21
7666000	2.5644E-21
7668000	2.5638E-21
7670000	2.5633E-21
7672000	2.5627E-21
7674000	2.5621E-21
7676000	2.5616E-21
7678000	2.5610E-21
7680000	2.5604E-21
7682000	2.5599E-21
7684000	2.5593E-21
7686000	2.5587E-21
7688000	2.5582E-21
7690000	2.5576E-21
7692000	2.5571E-21
7694000	2.5565E-21
7696000	2.5559E-21
7698000	2.5554E-21
7700000	2.5548E-21
7702000	2.5543E-21
7704000	2.5537E-21
7706000	2.5531E-21
7708000	2.5526E-21
7710000	2.5520E-21
7712000	2.5515E-21
7714000	2.5509E-21
7716000	2.5503E-21
7718000	2.5498E-21
7720000	2.5492E-21
7722000	2.5487E-21
7724000	2.5481E-21
7726000	2.5475E-21
7728000	2.5470E-21
7730000	2.5464E-21
7732000	2.5459E-21
7734000	2.5453E-21
7736000	2.5448E-21
7738000	2.5442E-21
7740000	2.5437E-21
7742000	2.5431E-21
7744000	2.5425E-21
7746000	2.5420E-21
7748000	2.5414E-21
7750000	2.5409E-21
7752000	2.5403E-21
7754000	2.5398E-21
7756000	2.5392E-21
7758000	2.5387E-21
7760000	2.5381E-21
7762000	2.5376E-21
7764000	2.5370E-21
7766000	2.5365E-21
7768000	2.5359E-21
7770000	2.5354E-21
7772000	2.5348E-21
7774000	2.5342E-21
7776000	2.5337E-21
7778000	2.5331E-21
7780000	2.5326E-21
7782000	2.5320E-21
7784000	2.5315E-21
7786000	2.5309E-21
7788000	2.5304E-21
7790000	2.5298E-21
7792000	2.5293E-21
7794000	2.5288E-21
7796000	2.5282E-21
7798000	2.5277E-21
7800000	2.5271E-21
7802000	2.5266E-21
7804000	2.5260E-21
7806000	2.5255E-21
7808000	2.5249E-21
7810000	2.5244E-21
7812000	2.5238E-21
7814000	2.5233E-21
7816000	2.5227E-21
7818000	2.5222E-21
7820000	2.5216E-21
7822000	2.5211E-21
7824000	2.5206E-21
7826000	2.5200E-21
7828000	2.5195E-21
7830000	2.5189E-21
7832000	2.5184E-21
7834000	2.5178E-21
7836000	2.5173E-21
7838000	2.5167E-21
7840000	2.5162E-21
7842000	2.5157E-21
7844000	2.5151E-21
7846000	2.5146E-21
7848000	2.5140E-21
7850000	2.5135E-21
7852000	2.5130E-21
7854000	2.5124E-21
7856000	2.5119E-21
7858000	2.5113E-21
7860000	2.5108E-21
7862000	2.5103E-21
7864000	2.5097E-21
7866000	2.5092E-21
7868000	2.5086E-21
7870000	2.5081E-21
7872000	2.5076E-21
7874000	2.5070E-21
7876000	2.5065E-21
7878000	2.5059E-21
7880000	2.5054E-21
7882000	2.5049E-21
7884000	2.5043E-21
7886000	2.5038E-21
7888000	2.5033E-21
7890000	2.5027E-21
7892000	2.5022E-21
7894000	2.5016E-21
7896000	2.5011E-21
7898000	2.5006E-21
7900000	2.5000E-21
7902000	2.4995E-21
7904000	2.4990E-21
7906000	2.4984E-21
7908000	2.4979E-21
7910000	2.4974E-21
7912000	2.4968E-21
7914000	2.4963E-21
7916000	2.4958E-21
7918000	2.4952E-21
7920000	2.4947E-21
7922000	2.4942E-21
7924000	2.4936E-21
7926000	2.4931E-21
7928000	2.4926E-21
7930000	2.4920E-21
7932000	2.4915E-21
7934000	2.4910E-21
7936000	2.4904E-21
7938000	2.4899E-21
7940000	2.4894E-21
7942000	2.4889E-21
7944000	2.4883E-21
7946000	2.4878E-21
7948000	2.4873E-21
7950000	2.4867E-21
7952000	2.4862E-21
7954000	2.4857E-21
7956000	2.4852E-21
7958000	2.4846E-21
7960000	2.4841E-21
7962000	2.4836E-21
7964000	2.4830E-21
7966000	2.4825E-21
7968000	2.4820E-21
7970000	2.4815E-21
7972000	2.4809E-21
7974000	2.4804E-21
7976000	2.4799E-21
7978000	2.4794E-21
7980000	2.4788E-21
7982000	2.4783E-21
7984000	2.4778E-21
7986000	2.4773E-21
7988000	2.4767E-21
7990000	2.4762E-21
7992000	2.4757E-21
7994000	2.4752E-21
7996000	2.4746E-21
7998000	2.4741E-21
8000000	2.4736E-21
