0	0.0000E+00
2000	1.0725E-20
4000	1.7118E-20
6000	2.2209E-20
8000	2.6425E-20
10000	2.9962E-20
12000	3.2942E-20
14000	3.5453E-20
16000	3.7565E-20
18000	3.9334E-20
20000	4.0808E-20
22000	4.2026E-20
24000	4.3024E-20
26000	4.3831E-20
28000	4.4474E-20
30000	4.4973E-20
32000	4.5349E-20
34000	4.5618E-20
36000	4.5795E-20
38000	4.5891E-20
40000	4.5919E-20
42000	4.5887E-20
44000	4.5804E-20
46000	4.5676E-20
48000	4.5511E-20
50000	4.5313E-20
52000	4.5088E-20
54000	4.4839E-20
56000	4.4570E-20
58000	4.4284E-20
60000	4.3984E-20
62000	4.3673E-20
64000	4.3352E-20
66000	4.3023E-20
68000	4.2688E-20
70000	4.2349E-20
72000	4.2006E-20
74000	4.1660E-20
76000	4.1313E-20
78000	4.0966E-20
80000	4.0619E-20
82000	4.0272E-20
84000	3.9926E-20
86000	3.9583E-20
88000	3.9241E-20
90000	3.8902E-20
92000	3.8565E-20
94000	3.8231E-20
96000	3.7901E-20
98000	3.7574E-20
100000	3.7250E-20
102000	3.6930E-20
104000	3.6614E-20
106000	3.6301E-20
108000	3.5993E-20
110000	3.5688E-20
112000	3.5387E-20
114000	3.5091E-20
116000	3.4798E-20
118000	3.4509E-20
120000	3.4224E-20
122000	3.3943E-20
124000	3.3666E-20
126000	3.3393E-20
128000	3.3123E-20
130000	3.2858E-20
132000	3.2596E-20
134000	3.2338E-20
136000	3.2084E-20
138000	3.1833E-20
140000	3.1586E-20
142000	3.1343E-20
144000	3.1103E-20
146000	3.0866E-20
148000	3.0633E-20
150000	3.0403E-20
152000	3.0177E-20
154000	2.9953E-20
156000	2.9733E-20
158000	2.9516E-20
160000	2.9302E-20
162000	2.9091E-20
164000	2.8883E-20
166000	2.8678E-20
168000	2.8476E-20
170000	2.8277E-20
172000	2.8080E-20
174000	2.7886E-20
176000	2.7695E-20
178000	2.7506E-20
180000	2.7320E-20
182000	2.7137E-20
184000	2.6956E-20
186000	2.6777E-20
188000	2.6601E-20
190000	2.6427E-20
192000	2.6256E-20
194000	2.6086E-20
196000	2.5919E-20
198000	2.5755E-20
200000	2.5592E-20
202000	2.5431E-20
204000	2.5273E-20
206000	2.5116E-20
208000	2.4962E-20
210000	2.4809E-20
212000	2.4658E-20
214000	2.4509E-20
216000	2.4363E-20
218000	2.4217E-20
220000	2.4074E-20
222000	2.3933E-20
224000	2.3793E-20
226000	2.3655E-20
228000	2.3518E-20
230000	2.3383E-20
232000	2.3250E-20
234000	2.3119E-20
236000	2.2988E-20
238000	2.2860E-20
240000	2.2733E-20
242000	2.2607E-20
244000	2.2483E-20
246000	2.2361E-20
248000	2.2239E-20
250000	2.2119E-20
252000	2.2001E-20
254000	2.1884E-20
256000	2.1768E-20
258000	2.1653E-20
260000	2.1540E-20
262000	2.1428E-20
264000	2.1317E-20
266000	2.1207E-20
268000	2.1099E-20
270000	2.0992E-20
272000	2.0885E-20
274000	2.0780E-20
276000	2.0677E-20
278000	2.0574E-20
280000	2.0472E-20
282000	2.0371E-20
284000	2.0272E-20
286000	2.0173E-20
288000	2.0076E-20
290000	1.9979E-20
292000	1.9884E-20
294000	1.9789E-20
296000	1.9696E-20
298000	1.9603E-20
300000	1.9511E-20
302000	1.9420E-20
304000	1.9330E-20
306000	1.9241E-20
308000	1.9153E-20
310000	1.9066E-20
312000	1.8979E-20
314000	1.8894E-20
316000	1.8809E-20
318000	1.8725E-20
320000	1.8642E-20
322000	1.8559E-20
324000	1.8478E-20
326000	1.8397E-20
328000	1.8317E-20
330000	1.8237E-20
332000	1.8159E-20
334000	1.8081E-20
336000	1.8004E-20
338000	1.7927E-20
340000	1.7851E-20
342000	1.7776E-20
344000	1.7702E-20
346000	1.7628E-20
348000	1.7555E-20
350000	1.7483E-20
352000	1.7411E-20
354000	1.7340E-20
356000	1.7269E-20
358000	1.7199E-20
360000	1.7130E-20
362000	1.7061E-20
364000	1.6993E-20
366000	1.6925E-20
368000	1.6858E-20
370000	1.6792E-20
372000	1.6726E-20
374000	1.6661E-20
376000	1.6596E-20
378000	1.6532E-20
380000	1.6468E-20
382000	1.6405E-20
384000	1.6342E-20
386000	1.6280E-20
388000	1.6219E-20
390000	1.6158E-20
392000	1.6097E-20
394000	1.6037E-20
396000	1.5977E-20
398000	1.5918E-20
400000	1.5859E-20
402000	1.5801E-20
404000	1.5743E-20
406000	1.5686E-20
408000	1.5629E-20
410000	1.5573E-20
412000	1.5517E-20
414000	1.5461E-20
416000	1.5406E-20
418000	1.5351E-20
420000	1.5297E-20
422000	1.5243E-20
424000	1.5190E-20
426000	1.5137E-20
428000	1.5084E-20
430000	1.5032E-20
432000	1.4980E-20
434000	1.4929E-20
436000	1.4877E-20
438000	1.4827E-20
440000	1.4776E-20
442000	1.4726E-20
444000	1.4677E-20
446000	1.4628E-20
448000	1.4579E-20
450000	1.4530E-20
452000	1.4482E-20
454000	1.4434E-20
456000	1.4386E-20
458000	1.4339E-20
460000	1.4292E-20
462000	1.4246E-20
464000	1.4200E-20
466000	1.4154E-20
468000	1.4108E-20
470000	1.4063E-20
472000	1.4018E-20
474000	1.3974E-20
476000	1.3929E-20
478000	1.3885E-20
480000	1.3842E-20
482000	1.3798E-20
484000	1.3755E-20
486000	1.3712E-20
488000	1.3670E-20
490000	1.3628E-20
492000	1.3586E-20
494000	1.3544E-20
496000	1.3503E-20
498000	1.3461E-20
500000	1.3421E-20
502000	1.3380E-20
504000	1.3340E-20
506000	1.3300E-20
508000	1.3260E-20
510000	1.3220E-20
512000	1.3181E-20
514000	1.3142E-20
516000	1.3103E-20
518000	1.3065E-20
520000	1.3026E-20
522000	1.2988E-20
524000	1.2950E-20
526000	1.2913E-20
528000	1.2875E-20
530000	1.2838E-20
532000	1.2801E-20
534000	1.2765E-20
536000	1.2728E-20
538000	1.2692E-20
540000	1.2656E-20
542000	1.2620E-20
544000	1.2585E-20
546000	1.2550E-20
548000	1.2515E-20
550000	1.2480E-20
552000	1.2445E-20
554000	1.2410E-20
556000	1.2376E-20
558000	1.2342E-20
560000	1.2308E-20
562000	1.2275E-20
564000	1.2241E-20
566000	1.2208E-20
568000	1.2175E-20
570000	1.2142E-20
572000	1.2109E-20
574000	1.2077E-20
576000	1.2045E-20
578000	1.2012E-20
580000	1.1980E-20
582000	1.1949E-20
584000	1.1917E-20
586000	1.1886E-20
588000	1.1855E-20
590000	1.1824E-20
592000	1.1793E-20
594000	1.1762E-20
596000	1.1732E-20
598000	1.1701E-20
600000	1.1671E-20
602000	1.1641E-20
604000	1.1611E-20
606000	1.1582E-20
608000	1.1552E-20
610000	1.1523E-20
612000	1.1494E-20
614000	1.1465E-20
616000	1.1436E-20
618000	1.1407E-20
620000	1.1378E-20
622000	1.1350E-20
624000	1.1322E-20
626000	1.1294E-20
628000	1.1266E-20
630000	1.1238E-20
632000	1.1210E-20
634000	1.1183E-20
636000	1.1156E-20
638000	1.1128E-20
640000	1.1101E-20
642000	1.1074E-20
644000	1.1048E-20
646000	1.1021E-20
648000	1.0995E-20
650000	1.0968E-20
652000	1.0942E-20
654000	1.0916E-20
656000	1.0890E-20
658000	1.0864E-20
660000	1.0838E-20
662000	1.0813E-20
664000	1.0787E-20
666000	1.0762E-20
668000	1.0737E-20
670000	1.0712E-20
672000	1.0687E-20
674000	1.0662E-20
676000	1.0638E-20
678000	1.0613E-20
680000	1.0589E-20
682000	1.0564E-20
684000	1.0540E-20
686000	1.0516E-20
688000	1.0492E-20
690000	1.0468E-20
692000	1.0445E-20
694000	1.0421E-20
696000	1.0398E-20
698000	1.0374E-20
700000	1.0351E-20
702000	1.0328E-20
704000	1.0305E-20
706000	1.0282E-20
708000	1.0259E-20
710000	1.0237E-20
712000	1.0214E-20
714000	1.0192E-20
716000	1.0169E-20
718000	1.0147E-20
720000	1.0125E-20
722000	1.0103E-20
724000	1.0081E-20
726000	1.0059E-20
728000	1.0037E-20
730000	1.0016E-20
732000	9.9941E-21
734000	9.9727E-21
736000	9.9514E-21
738000	9.9302E-21
740000	9.9090E-21
742000	9.8880E-21
744000	9.8671E-21
746000	9.8462E-21
748000	9.8255E-21
750000	9.8048E-21
752000	9.7843E-21
754000	9.7638E-21
756000	9.7434E-21
758000	9.7232E-21
760000	9.7030E-21
762000	9.6829E-21
764000	9.6629E-21
766000	9.6429E-21
768000	9.6231E-21
770000	9.6034E-21
772000	9.5837E-21
774000	9.5642E-21
776000	9.5447E-21
778000	9.5253E-21
780000	9.5060E-21
782000	9.4868E-21
784000	9.4676E-21
786000	9.4486E-21
788000	9.4296E-21
790000	9.4107E-21
792000	9.3919E-21
794000	9.3732E-21
796000	9.3545E-21
798000	9.3360E-21
800000	9.3175E-21
802000	9.2991E-21
804000	9.2808E-21
806000	9.2625E-21
808000	9.2443E-21
810000	9.2262E-21
812000	9.2082E-21
814000	9.1903E-21
816000	9.1724E-21
818000	9.1546E-21
820000	9.1369E-21
822000	9.1193E-21
824000	9.1017E-21
826000	9.0842E-21
828000	9.0668E-21
830000	9.0495E-21
832000	9.0322E-21
834000	9.0150E-21
836000	8.9978E-21
838000	8.9808E-21
840000	8.9638E-21
842000	8.9469E-21
844000	8.9300E-21
846000	8.9132E-21
848000	8.8965E-21
850000	8.8799E-21
852000	8.8633E-21
854000	8.8468E-21
856000	8.8303E-21
858000	8.8139E-21
860000	8.7976E-21
862000	8.7814E-21
864000	8.7652E-21
866000	8.7491E-21
868000	8.7330E-21
870000	8.7170E-21
872000	8.7011E-21
874000	8.6852E-21
876000	8.6694E-21
878000	8.6537E-21
880000	8.6380E-21
882000	8.6224E-21
884000	8.6068E-21
886000	8.5913E-21
888000	8.5759E-21
890000	8.5605E-21
892000	8.5452E-21
894000	8.5300E-21
896000	8.5148E-21
898000	8.4996E-21
900000	8.4845E-21
902000	8.4695E-21
904000	8.4546E-21
906000	8.4396E-21
908000	8.4248E-21
910000	8.4100E-21
912000	8.3953E-21
914000	8.3806E-21
916000	8.3660E-21
918000	8.3514E-21
920000	8.3369E-21
922000	8.3224E-21
924000	8.3080E-21
926000	8.2937E-21
928000	8.2794E-21
930000	8.2651E-21
932000	8.2509E-21
934000	8.2368E-21
936000	8.2227E-21
938000	8.2087E-21
940000	8.1947E-21
942000	8.1807E-21
944000	8.1669E-21
946000	8.1530E-21
948000	8.1393E-21
950000	8.1255E-21
952000	8.1119E-21
954000	8.0982E-21
956000	8.0847E-21
958000	8.0711E-21
960000	8.0576E-21
962000	8.0442E-21
964000	8.0308E-21
966000	8.0175E-21
968000	8.0042E-21
970000	7.9910E-21
972000	7.9778E-21
974000	7.9646E-21
976000	7.9515E-21
978000	7.9385E-21
980000	7.9255E-21
982000	7.9125E-21
984000	7.8996E-21
986000	7.8868E-21
988000	7.8739E-21
990000	7.8612E-21
992000	7.8484E-21
994000	7.8357E-21
996000	7.8231E-21
998000	7.8105E-21
1000000	7.7979E-21
1002000	7.7854E-21
1004000	7.7730E-21
1006000	7.7605E-21
1008000	7.7482E-21
1010000	7.7358E-21
1012000	7.7235E-21
1014000	7.7113E-21
1016000	7.6991E-21
1018000	7.6869E-21
1020000	7.6748E-21
1022000	7.6627E-21
1024000	7.6507E-21
1026000	7.6386E-21
1028000	7.6267E-21
1030000	7.6148E-21
1032000	7.6029E-21
1034000	7.5910E-21
1036000	7.5792E-21
1038000	7.5675E-21
1040000	7.5558E-21
1042000	7.5441E-21
1044000	7.5324E-21
1046000	7.5208E-21
1048000	7.5093E-21
1050000	7.4977E-21
1052000	7.4862E-21
1054000	7.4748E-21
1056000	7.4634E-21
1058000	7.4520E-21
1060000	7.4407E-21
1062000	7.4294E-21
1064000	7.4181E-21
1066000	7.4069E-21
1068000	7.3957E-21
1070000	7.3845E-21
1072000	7.3734E-21
1074000	7.3623E-21
1076000	7.3513E-21
1078000	7.3403E-21
1080000	7.3293E-21
1082000	7.3184E-21
1084000	7.3075E-21
1086000	7.2966E-21
1088000	7.2858E-21
1090000	7.2750E-21
1092000	7.2642E-21
1094000	7.2535E-21
1096000	7.2428E-21
1098000	7.2321E-21
1100000	7.2215E-21
1102000	7.2109E-21
1104000	7.2004E-21
1106000	7.1898E-21
1108000	7.1794E-21
1110000	7.1689E-21
1112000	7.1585E-21
1114000	7.1481E-21
1116000	7.1377E-21
1118000	7.1274E-21
1120000	7.1171E-21
1122000	7.1068E-21
1124000	7.0966E-21
1126000	7.0864E-21
1128000	7.0762E-21
1130000	7.0661E-21
1132000	7.0560E-21
1134000	7.0459E-21
1136000	7.0359E-21
1138000	7.0259E-21
1140000	7.0159E-21
1142000	7.0060E-21
1144000	6.9960E-21
1146000	6.9861E-21
1148000	6.9763E-21
1150000	6.9665E-21
1152000	6.9567E-21
1154000	6.9469E-21
1156000	6.9372E-21
1158000	6.9275E-21
1160000	6.9178E-21
1162000	6.9081E-21
1164000	6.8985E-21
1166000	6.8889E-21
1168000	6.8794E-21
1170000	6.8698E-21
1172000	6.8603E-21
1174000	6.8508E-21
1176000	6.8414E-21
1178000	6.8320E-21
1180000	6.8226E-21
1182000	6.8132E-21
1184000	6.8039E-21
1186000	6.7946E-21
1188000	6.7853E-21
1190000	6.7760E-21
1192000	6.7668E-21
1194000	6.7576E-21
1196000	6.7484E-21
1198000	6.7393E-21
1200000	6.7302E-21
1202000	6.7211E-21
1204000	6.7120E-21
1206000	6.7030E-21
1208000	6.6940E-21
1210000	6.6850E-21
1212000	6.6760E-21
1214000	6.6671E-21
1216000	6.6582E-21
1218000	6.6493E-21
1220000	6.6404E-21
1222000	6.6316E-21
1224000	6.6228E-21
1226000	6.6140E-21
1228000	6.6053E-21
1230000	6.5965E-21
1232000	6.5878E-21
1234000	6.5792E-21
1236000	6.5705E-21
1238000	6.5619E-21
1240000	6.5533E-21
1242000	6.5447E-21
1244000	6.5361E-21
1246000	6.5276E-21
1248000	6.5191E-21
1250000	6.5106E-21
1252000	6.5021E-21
1254000	6.4937E-21
1256000	6.4853E-21
1258000	6.4769E-21
1260000	6.4685E-21
1262000	6.4602E-21
1264000	6.4519E-21
1266000	6.4436E-21
1268000	6.4353E-21
1270000	6.4271E-21
1272000	6.4188E-21
1274000	6.4106E-21
1276000	6.4024E-21
1278000	6.3943E-21
1280000	6.3861E-21
1282000	6.3780E-21
1284000	6.3699E-21
1286000	6.3619E-21
1288000	6.3538E-21
1290000	6.3458E-21
1292000	6.3378E-21
1294000	6.3298E-21
1296000	6.3219E-21
1298000	6.3139E-21
1300000	6.3060E-21
1302000	6.2981E-21
1304000	6.2902E-21
1306000	6.2824E-21
1308000	6.2745E-21
1310000	6.2667E-21
1312000	6.2589E-21
1314000	6.2512E-21
1316000	6.2434E-21
1318000	6.2357E-21
1320000	6.2280E-21
1322000	6.2203E-21
1324000	6.2126E-21
1326000	6.2050E-21
1328000	6.1974E-21
1330000	6.1898E-21
1332000	6.1822E-21
1334000	6.1746E-21
1336000	6.1671E-21
1338000	6.1596E-21
1340000	6.1521E-21
1342000	6.1446E-21
1344000	6.1371E-21
1346000	6.1297E-21
1348000	6.1222E-21
1350000	6.1148E-21
1352000	6.1075E-21
1354000	6.1001E-21
1356000	6.0927E-21
1358000	6.0854E-21
1360000	6.0781E-21
1362000	6.0708E-21
1364000	6.0635E-21
1366000	6.0563E-21
1368000	6.0491E-21
1370000	6.0418E-21
1372000	6.0346E-21
1374000	6.0275E-21
1376000	6.0203E-21
1378000	6.0132E-21
1380000	6.0060E-21
1382000	5.9989E-21
1384000	5.9918E-21
1386000	5.9848E-21
1388000	5.9777E-21
1390000	5.9707E-21
1392000	5.9637E-21
1394000	5.9567E-21
1396000	5.9497E-21
1398000	5.9427E-21
1400000	5.9358E-21
1402000	5.9289E-21
1404000	5.9220E-21
1406000	5.9151E-21
1408000	5.9082E-21
1410000	5.9014E-21
1412000	5.8945E-21
1414000	5.8877E-21
1416000	5.8809E-21
1418000	5.8741E-21
1420000	5.8673E-21
1422000	5.8606E-21
1424000	5.8538E-21
1426000	5.8471E-21
1428000	5.8404E-21
1430000	5.8337E-21
1432000	5.8271E-21
1434000	5.8204E-21
1436000	5.8138E-21
1438000	5.8071E-21
1440000	5.8005E-21
1442000	5.7939E-21
1444000	5.7874E-21
1446000	5.7808E-21
1448000	5.7743E-21
1450000	5.7678E-21
1452000	5.7612E-21
1454000	5.7548E-21
1456000	5.7483E-21
1458000	5.7418E-21
1460000	5.7354E-21
1462000	5.7289E-21
1464000	5.7225E-21
1466000	5.7161E-21
1468000	5.7098E-21
1470000	5.7034E-21
1472000	5.6970E-21
1474000	5.6907E-21
1476000	5.6844E-21
1478000	5.6781E-21
1480000	5.6718E-21
1482000	5.6655E-21
1484000	5.6592E-21
1486000	5.6530E-21
1488000	5.6468E-21
1490000	5.6405E-21
1492000	5.6343E-21
1494000	5.6282E-21
1496000	5.6220E-21
1498000	5.6158E-21
1500000	5.6097E-21
1502000	5.6036E-21
1504000	5.5974E-21
1506000	5.5913E-21
1508000	5.5853E-21
1510000	5.5792E-21
1512000	5.5731E-21
1514000	5.5671E-21
1516000	5.5611E-21
1518000	5.5551E-21
1520000	5.5491E-21
1522000	5.5431E-21
1524000	5.5371E-21
1526000	5.5311E-21
1528000	5.5252E-21
1530000	5.5193E-21
1532000	5.5133E-21
1534000	5.5074E-21
1536000	5.5016E-21
1538000	5.4957E-21
1540000	5.4898E-21
1542000	5.4840E-21
1544000	5.4781E-21
1546000	5.4723E-21
1548000	5.4665E-21
1550000	5.4607E-21
1552000	5.4549E-21
1554000	5.4492E-21
1556000	5.4434E-21
1558000	5.4377E-21
1560000	5.4319E-21
1562000	5.4262E-21
1564000	5.4205E-21
1566000	5.4148E-21
1568000	5.4092E-21
1570000	5.4035E-21
1572000	5.3978E-21
1574000	5.3922E-21
1576000	5.3866E-21
1578000	5.3810E-21
1580000	5.3754E-21
1582000	5.3698E-21
1584000	5.3642E-21
1586000	5.3586E-21
1588000	5.3531E-21
1590000	5.3475E-21
1592000	5.3420E-21
1594000	5.3365E-21
1596000	5.3310E-21
1598000	5.3255E-21
1600000	5.3200E-21
1602000	5.3146E-21
1604000	5.3091E-21
1606000	5.3037E-21
1608000	5.2983E-21
1610000	5.2928E-21
1612000	5.2874E-21
1614000	5.2821E-21
1616000	5.2767E-21
1618000	5.2713E-21
1620000	5.2659E-21
1622000	5.2606E-21
1624000	5.2553E-21
1626000	5.2500E-21
1628000	5.2446E-21
1630000	5.2393E-21
1632000	5.2341E-21
1634000	5.2288E-21
1636000	5.2235E-21
1638000	5.2183E-21
1640000	5.2130E-21
1642000	5.2078E-21
1644000	5.2026E-21
1646000	5.1974E-21
1648000	5.1922E-21
1650000	5.1870E-21
1652000	5.1818E-21
1654000	5.1767E-21
1656000	5.1715E-21
1658000	5.1664E-21
1660000	5.1612E-21
1662000	5.1561E-21
1664000	5.1510E-21
1666000	5.1459E-21
1668000	5.1408E-21
1670000	5.1358E-21
1672000	5.1307E-21
1674000	5.1257E-21
1676000	5.1206E-21
1678000	5.1156E-21
1680000	5.1106E-21
1682000	5.1056E-21
1684000	5.1006E-21
1686000	5.0956E-21
1688000	5.0906E-21
1690000	5.0856E-21
1692000	5.0807E-21
1694000	5.0757E-21
1696000	5.0708E-21
1698000	5.0659E-21
1700000	5.0610E-21
1702000	5.0560E-21
1704000	5.0512E-21
1706000	5.0463E-21
1708000	5.0414E-21
1710000	5.0365E-21
1712000	5.0317E-21
1714000	5.0268E-21
1716000	5.0220E-21
1718000	5.0172E-21
1720000	5.0124E-21
1722000	5.0076E-21
1724000	5.0028E-21
1726000	4.9980E-21
1728000	4.9932E-21
1730000	4.9885E-21
1732000	4.9837E-21
1734000	4.9790E-21
1736000	4.9742E-21
1738000	4.9695E-21
1740000	4.9648E-21
1742000	4.9601E-21
1744000	4.9554E-21
1746000	4.9507E-21
1748000	4.9460E-21
1750000	4.9414E-21
1752000	4.9367E-21
1754000	4.9320E-21
1756000	4.9274E-21
1758000	4.9228E-21
1760000	4.9182E-21
1762000	4.9136E-21
1764000	4.9090E-21
1766000	4.9044E-21
1768000	4.8998E-21
1770000	4.8952E-21
1772000	4.8906E-21
1774000	4.8861E-21
1776000	4.8815E-21
1778000	4.8770E-21
1780000	4.8725E-21
1782000	4.8680E-21
1784000	4.8635E-21
1786000	4.8590E-21
1788000	4.8545E-21
1790000	4.8500E-21
1792000	4.8455E-21
1794000	4.8410E-21
1796000	4.8366E-21
1798000	4.8321E-21
1800000	4.8277E-21
1802000	4.8233E-21
1804000	4.8189E-21
1806000	4.8144E-21
1808000	4.8100E-21
1810000	4.8057E-21
1812000	4.8013E-21
1814000	4.7969E-21
1816000	4.7925E-21
1818000	4.7882E-21
1820000	4.7838E-21
1822000	4.7795E-21
1824000	4.7751E-21
1826000	4.7708E-21
1828000	4.7665E-21
1830000	4.7622E-21
1832000	4.7579E-21
1834000	4.7536E-21
1836000	4.7493E-21
1838000	4.7450E-21
1840000	4.7408E-21
1842000	4.7365E-21
1844000	4.7323E-21
1846000	4.7280E-21
1848000	4.7238E-21
1850000	4.7196E-21
1852000	4.7154E-21
1854000	4.7111E-21
1856000	4.7069E-21
1858000	4.7028E-21
1860000	4.6986E-21
1862000	4.6944E-21
1864000	4.6902E-21
1866000	4.6861E-21
1868000	4.6819E-21
1870000	4.6778E-21
1872000	4.6736E-21
1874000	4.6695E-21
1876000	4.6654E-21
1878000	4.6613E-21
1880000	4.6572E-21
1882000	4.6531E-21
1884000	4.6490E-21
1886000	4.6449E-21
1888000	4.6408E-21
1890000	4.6368E-21
1892000	4.6327E-21
1894000	4.6287E-21
1896000	4.6246E-21
1898000	4.6206E-21
1900000	4.6165E-21
1902000	4.6125E-21
1904000	4.6085E-21
1906000	4.6045E-21
1908000	4.6005E-21
1910000	4.5965E-21
1912000	4.5925E-21
1914000	4.5886E-21
1916000	4.5846E-21
1918000	4.5806E-21
1920000	4.5767E-21
1922000	4.5727E-21
1924000	4.5688E-21
1926000	4.5649E-21
1928000	4.5609E-21
1930000	4.5570E-21
1932000	4.5531E-21
1934000	4.5492E-21
1936000	4.5453E-21
1938000	4.5414E-21
1940000	4.5376E-21
1942000	4.5337E-21
1944000	4.5298E-21
1946000	4.5260E-21
1948000	4.5221E-21
1950000	4.5183E-21
1952000	4.5144E-21
1954000	4.5106E-21
1956000	4.5068E-21
1958000	4.5030E-21
1960000	4.4991E-21
1962000	4.4953E-21
1964000	4.4915E-21
1966000	4.4878E-21
1968000	4.4840E-21
1970000	4.4802E-21
1972000	4.4764E-21
1974000	4.4727E-21
1976000	4.4689E-21
1978000	4.4652E-21
1980000	4.4614E-21
1982000	4.4577E-21
1984000	4.4540E-21
1986000	4.4503E-21
1988000	4.4465E-21
1990000	4.4428E-21
1992000	4.4391E-21
1994000	4.4354E-21
1996000	4.4318E-21
1998000	4.4281E-21
2000000	4.4244E-21
2002000	4.4207E-21
2004000	4.4171E-21
2006000	4.4134E-21
2008000	4.4098E-21
2010000	4.4061E-21
2012000	4.4025E-21
2014000	4.3989E-21
2016000	4.3952E-21
2018000	4.3916E-21
2020000	4.3880E-21
2022000	4.3844E-21
2024000	4.3808E-21
2026000	4.3772E-21
2028000	4.3736E-21
2030000	4.3701E-21
2032000	4.3665E-21
2034000	4.3629E-21
2036000	4.3594E-21
2038000	4.3558E-21
2040000	4.3523E-21
2042000	4.3487E-21
2044000	4.3452E-21
2046000	4.3417E-21
2048000	4.3382E-21
2050000	4.3346E-21
2052000	4.3311E-21
2054000	4.3276E-21
2056000	4.3241E-21
2058000	4.3207E-21
2060000	4.3172E-21
2062000	4.3137E-21
2064000	4.3102E-21
2066000	4.3068E-21
2068000	4.3033E-21
2070000	4.2998E-21
2072000	4.2964E-21
2074000	4.2930E-21
2076000	4.2895E-21
2078000	4.2861E-21
2080000	4.2827E-21
2082000	4.2792E-21
2084000	4.2758E-21
2086000	4.2724E-21
2088000	4.2690E-21
2090000	4.2656E-21
2092000	4.2622E-21
2094000	4.2589E-21
2096000	4.2555E-21
2098000	4.2521E-21
2100000	4.2487E-21
2102000	4.2454E-21
2104000	4.2420E-21
2106000	4.2387E-21
2108000	4.2353E-21
2110000	4.2320E-21
2112000	4.2287E-21
2114000	4.2254E-21
2116000	4.2220E-21
2118000	4.2187E-21
2120000	4.2154E-21
2122000	4.2121E-21
2124000	4.2088E-21
2126000	4.2055E-21
2128000	4.2022E-21
2130000	4.1990E-21
2132000	4.1957E-21
2134000	4.1924E-21
2136000	4.1891E-21
2138000	4.1859E-21
2140000	4.1826E-21
2142000	4.1794E-21
2144000	4.1761E-21
2146000	4.1729E-21
2148000	4.1697E-21
2150000	4.1664E-21
2152000	4.1632E-21
2154000	4.1600E-21
2156000	4.1568E-21
2158000	4.1536E-21
2160000	4.1504E-21
2162000	4.1472E-21
2164000	4.1440E-21
2166000	4.1408E-21
2168000	4.1377E-21
2170000	4.1345E-21
2172000	4.1313E-21
2174000	4.1282E-21
2176000	4.1250E-21
2178000	4.1218E-21
2180000	4.1187E-21
2182000	4.1156E-21
2184000	4.1124E-21
2186000	4.1093E-21
2188000	4.1062E-21
2190000	4.1030E-21
2192000	4.0999E-21
2194000	4.0968E-21
2196000	4.0937E-21
2198000	4.0906E-21
2200000	4.0875E-21
2202000	4.0844E-21
2204000	4.0813E-21
2206000	4.0783E-21
2208000	4.0752E-21
2210000	4.0721E-21
2212000	4.0691E-21
2214000	4.0660E-21
2216000	4.0629E-21
2218000	4.0599E-21
2220000	4.0568E-21
2222000	4.0538E-21
2224000	4.0508E-21
2226000	4.0477E-21
2228000	4.0447E-21
2230000	4.0417E-21
2232000	4.0387E-21
2234000	4.0357E-21
2236000	4.0327E-21
2238000	4.0297E-21
2240000	4.0267E-21
2242000	4.0237E-21
2244000	4.0207E-21
2246000	4.0177E-21
2248000	4.0147E-21
2250000	4.0117E-21
2252000	4.0088E-21
2254000	4.0058E-21
2256000	4.0029E-21
2258000	3.9999E-21
2260000	3.9970E-21
2262000	3.9940E-21
2264000	3.9911E-21
2266000	3.9881E-21
2268000	3.9852E-21
2270000	3.9823E-21
2272000	3.9794E-21
2274000	3.9764E-21
2276000	3.9735E-21
2278000	3.9706E-21
2280000	3.9677E-21
2282000	3.9648E-21
2284000	3.9619E-21
2286000	3.9590E-21
2288000	3.9562E-21
2290000	3.9533E-21
2292000	3.9504E-21
2294000	3.9475E-21
2296000	3.9447E-21
2298000	3.9418E-21
2300000	3.9390E-21
2302000	3.9361E-21
2304000	3.9333E-21
2306000	3.9304E-21
2308000	3.9276E-21
2310000	3.9247E-21
2312000	3.9219E-21
2314000	3.9191E-21
2316000	3.9163E-21
2318000	3.9134E-21
2320000	3.9106E-21
2322000	3.9078E-21
2324000	3.9050E-21
2326000	3.9022E-21
2328000	3.8994E-21
2330000	3.8966E-21
2332000	3.8938E-21
2334000	3.8911E-21
2336000	3.8883E-21
2338000	3.8855E-21
2340000	3.8827E-21
2342000	3.8800E-21
2344000	3.8772E-21
2346000	3.8745E-21
2348000	3.8717E-21
2350000	3.8690E-21
2352000	3.8662E-21
2354000	3.8635E-21
2356000	3.8607E-21
2358000	3.8580E-21
2360000	3.8553E-21
2362000	3.8526E-21
2364000	3.8498E-21
2366000	3.8471E-21
2368000	3.8444E-21
2370000	3.8417E-21
2372000	3.8390E-21
2374000	3.8363E-21
2376000	3.8336E-21
2378000	3.8309E-21
2380000	3.8282E-21
2382000	3.8255E-21
2384000	3.8229E-21
2386000	3.8202E-21
2388000	3.8175E-21
2390000	3.8149E-21
2392000	3.8122E-21
2394000	3.8095E-21
2396000	3.8069E-21
2398000	3.8042E-21
2400000	3.8016E-21
2402000	3.7989E-21
2404000	3.7963E-21
2406000	3.7937E-21
2408000	3.7910E-21
2410000	3.7884E-21
2412000	3.7858E-21
2414000	3.7832E-21
2416000	3.7806E-21
2418000	3.7780E-21
2420000	3.7753E-21
2422000	3.7727E-21
2424000	3.7701E-21
2426000	3.7675E-21
2428000	3.7650E-21
2430000	3.7624E-21
2432000	3.7598E-21
2434000	3.7572E-21
2436000	3.7546E-21
2438000	3.7521E-21
2440000	3.7495E-21
2442000	3.7469E-21
2444000	3.7444E-21
2446000	3.7418E-21
2448000	3.7393E-21
2450000	3.7367E-21
2452000	3.7342E-21
2454000	3.7316E-21
2456000	3.7291E-21
2458000	3.7265E-21
2460000	3.7240E-21
2462000	3.7215E-21
2464000	3.7190E-21
2466000	3.7164E-21
2468000	3.7139E-21
2470000	3.7114E-21
2472000	3.7089E-21
2474000	3.7064E-21
2476000	3.7039E-21
2478000	3.7014E-21
2480000	3.6989E-21
2482000	3.6964E-21
2484000	3.6939E-21
2486000	3.6915E-21
2488000	3.6890E-21
2490000	3.6865E-21
2492000	3.6840E-21
2494000	3.6816E-21
2496000	3.6791E-21
2498000	3.6766E-21
2500000	3.6742E-21
2502000	3.6717E-21
2504000	3.6693E-21
2506000	3.6668E-21
2508000	3.6644E-21
2510000	3.6619E-21
2512000	3.6595E-21
2514000	3.6571E-21
2516000	3.6546E-21
2518000	3.6522E-21
2520000	3.6498E-21
2522000	3.6474E-21
2524000	3.6450E-21
2526000	3.6425E-21
2528000	3.6401E-21
2530000	3.6377E-21
2532000	3.6353E-21
2534000	3.6329E-21
2536000	3.6305E-21
2538000	3.6281E-21
2540000	3.6257E-21
2542000	3.6234E-21
2544000	3.6210E-21
2546000	3.6186E-21
2548000	3.6162E-21
2550000	3.6139E-21
2552000	3.6115E-21
2554000	3.6091E-21
2556000	3.6068E-21
2558000	3.6044E-21
2560000	3.6020E-21
2562000	3.5997E-21
2564000	3.5973E-21
2566000	3.5950E-21
2568000	3.5927E-21
2570000	3.5903E-21
2572000	3.5880E-21
2574000	3.5857E-21
2576000	3.5833E-21
2578000	3.5810E-21
2580000	3.5787E-21
2582000	3.5764E-21
2584000	3.5740E-21
2586000	3.5717E-21
2588000	3.5694E-21
2590000	3.5671E-21
2592000	3.5648E-21
2594000	3.5625E-21
2596000	3.5602E-21
2598000	3.5579E-21
2600000	3.5556E-21
2602000	3.5534E-21
2604000	3.5511E-21
2606000	3.5488E-21
2608000	3.5465E-21
2610000	3.5442E-21
2612000	3.5420E-21
2614000	3.5397E-21
2616000	3.5374E-21
2618000	3.5352E-21
2620000	3.5329E-21
2622000	3.5307E-21
2624000	3.5284E-21
2626000	3.5262E-21
2628000	3.5239E-21
2630000	3.5217E-21
2632000	3.5194E-21
2634000	3.5172E-21
2636000	3.5150E-21
2638000	3.5127E-21
2640000	3.5105E-21
2642000	3.5083E-21
2644000	3.5061E-21
2646000	3.5038E-21
2648000	3.5016E-21
2650000	3.4994E-21
2652000	3.4972E-21
2654000	3.4950E-21
2656000	3.4928E-21
2658000	3.4906E-21
2660000	3.4884E-21
2662000	3.4862E-21
2664000	3.4840E-21
2666000	3.4818E-21
2668000	3.4796E-21
2670000	3.4775E-21
2672000	3.4753E-21
2674000	3.4731E-21
2676000	3.4709E-21
2678000	3.4688E-21
2680000	3.4666E-21
2682000	3.4644E-21
2684000	3.4623E-21
2686000	3.4601E-21
2688000	3.4579E-21
2690000	3.4558E-21
2692000	3.4536E-21
2694000	3.4515E-21
2696000	3.4494E-21
2698000	3.4472E-21
2700000	3.4451E-21
2702000	3.4429E-21
2704000	3.4408E-21
2706000	3.4387E-21
2708000	3.4365E-21
2710000	3.4344E-21
2712000	3.4323E-21
2714000	3.4302E-21
2716000	3.4281E-21
2718000	3.4260E-21
2720000	3.4238E-21
2722000	3.4217E-21
2724000	3.4196E-21
2726000	3.4175E-21
2728000	3.4154E-21
2730000	3.4133E-21
2732000	3.4112E-21
2734000	3.4091E-21
2736000	3.4071E-21
2738000	3.4050E-21
2740000	3.4029E-21
2742000	3.4008E-21
2744000	3.3987E-21
2746000	3.3967E-21
2748000	3.3946E-21
2750000	3.3925E-21
2752000	3.3905E-21
2754000	3.3884E-21
2756000	3.3863E-21
2758000	3.3843E-21
2760000	3.3822E-21
2762000	3.3802E-21
2764000	3.3781E-21
2766000	3.3761E-21
2768000	3.3740E-21
2770000	3.3720E-21
2772000	3.3699E-21
2774000	3.3679E-21
2776000	3.3659E-21
2778000	3.3638E-21
2780000	3.3618E-21
2782000	3.3598E-21
2784000	3.3578E-21
2786000	3.3557E-21
2788000	3.3537E-21
2790000	3.3517E-21
2792000	3.3497E-21
2794000	3.3477E-21
2796000	3.3457E-21
2798000	3.3437E-21
2800000	3.3417E-21
2802000	3.3397E-21
2804000	3.3377E-21
2806000	3.3357E-21
2808000	3.3337E-21
2810000	3.3317E-21
2812000	3.3297E-21
2814000	3.3277E-21
2816000	3.3257E-21
2818000	3.3238E-21
2820000	3.3218E-21
2822000	3.3198E-21
2824000	3.3178E-21
2826000	3.3159E-21
2828000	3.3139E-21
2830000	3.3119E-21
2832000	3.3100E-21
2834000	3.3080E-21
2836000	3.3061E-21
2838000	3.3041E-21
2840000	3.3022E-21
2842000	3.3002E-21
2844000	3.2983E-21
2846000	3.2963E-21
2848000	3.2944E-21
2850000	3.2924E-21
2852000	3.2905E-21
2854000	3.2886E-21
2856000	3.2866E-21
2858000	3.2847E-21
2860000	3.2828E-21
2862000	3.2809E-21
2864000	3.2789E-21
2866000	3.2770E-21
2868000	3.2751E-21
2870000	3.2732E-21
2872000	3.2713E-21
2874000	3.2694E-21
2876000	3.2675E-21
2878000	3.2655E-21
2880000	3.2636E-21
2882000	3.2617E-21
2884000	3.2598E-21
2886000	3.2580E-21
2888000	3.2561E-21
2890000	3.2542E-21
2892000	3.2523E-21
2894000	3.2504E-21
2896000	3.2485E-21
2898000	3.2466E-21
2900000	3.2447E-21
2902000	3.2429E-21
2904000	3.2410E-21
2906000	3.2391E-21
2908000	3.2373E-21
2910000	3.2354E-21
2912000	3.2335E-21
2914000	3.2317E-21
2916000	3.2298E-21
2918000	3.2279E-21
2920000	3.2261E-21
2922000	3.2242E-21
2924000	3.2224E-21
2926000	3.2205E-21
2928000	3.2187E-21
2930000	3.2168E-21
2932000	3.2150E-21
2934000	3.2132E-21
2936000	3.2113E-21
2938000	3.2095E-21
2940000	3.2077E-21
2942000	3.2058E-21
2944000	3.2040E-21
2946000	3.2022E-21
2948000	3.2003E-21
2950000	3.1985E-21
2952000	3.1967E-21
2954000	3.1949E-21
2956000	3.1931E-21
2958000	3.1913E-21
2960000	3.1894E-21
2962000	3.1876E-21
2964000	3.1858E-21
2966000	3.1840E-21
2968000	3.1822E-21
2970000	3.1804E-21
2972000	3.1786E-21
2974000	3.1768E-21
2976000	3.1750E-21
2978000	3.1733E-21
2980000	3.1715E-21
2982000	3.1697E-21
2984000	3.1679E-21
2986000	3.1661E-21
2988000	3.1643E-21
2990000	3.1626E-21
2992000	3.1608E-21
2994000	3.1590E-21
2996000	3.1572E-21
2998000	3.1555E-21
3000000	3.1537E-21
3002000	3.1519E-21
3004000	3.1502E-21
3006000	3.1484E-21
3008000	3.1467E-21
3010000	3.1449E-21
3012000	3.1431E-21
3014000	3.1414E-21
3016000	3.1396E-21
3018000	3.1379E-21
3020000	3.1361E-21
3022000	3.1344E-21
3024000	3.1327E-21
3026000	3.1309E-21
3028000	3.1292E-21
3030000	3.1274E-21
3032000	3.1257E-21
3034000	3.1240E-21
3036000	3.1223E-21
3038000	3.1205E-21
3040000	3.1188E-21
3042000	3.1171E-21
3044000	3.1154E-21
3046000	3.1136E-21
3048000	3.1119E-21
3050000	3.1102E-21
3052000	3.1085E-21
3054000	3.1068E-21
3056000	3.1051E-21
3058000	3.1034E-21
3060000	3.1017E-21
3062000	3.1000E-21
3064000	3.0983E-21
3066000	3.0966E-21
3068000	3.0949E-21
3070000	3.0932E-21
3072000	3.0915E-21
3074000	3.0898E-21
3076000	3.0881E-21
3078000	3.0864E-21
3080000	3.0847E-21
3082000	3.0830E-21
3084000	3.0814E-21
3086000	3.0797E-21
3088000	3.0780E-21
3090000	3.0763E-21
3092000	3.0747E-21
3094000	3.0730E-21
3096000	3.0713E-21
3098000	3.0697E-21
3100000	3.0680E-21
3102000	3.0663E-21
3104000	3.0647E-21
3106000	3.0630E-21
3108000	3.0614E-21
3110000	3.0597E-21
3112000	3.0580E-21
3114000	3.0564E-21
3116000	3.0547E-21
3118000	3.0531E-21
3120000	3.0514E-21
3122000	3.0498E-21
3124000	3.0482E-21
3126000	3.0465E-21
3128000	3.0449E-21
3130000	3.0432E-21
3132000	3.0416E-21
3134000	3.0400E-21
3136000	3.0384E-21
3138000	3.0367E-21
3140000	3.0351E-21
3142000	3.0335E-21
3144000	3.0318E-21
3146000	3.0302E-21
3148000	3.0286E-21
3150000	3.0270E-21
3152000	3.0254E-21
3154000	3.0238E-21
3156000	3.0222E-21
3158000	3.0205E-21
3160000	3.0189E-21
3162000	3.0173E-21
3164000	3.0157E-21
3166000	3.0141E-21
3168000	3.0125E-21
3170000	3.0109E-21
3172000	3.0093E-21
3174000	3.0077E-21
3176000	3.0061E-21
3178000	3.0045E-21
3180000	3.0030E-21
3182000	3.0014E-21
3184000	2.9998E-21
3186000	2.9982E-21
3188000	2.9966E-21
3190000	2.9950E-21
3192000	2.9935E-21
3194000	2.9919E-21
3196000	2.9903E-21
3198000	2.9887E-21
3200000	2.9872E-21
3202000	2.9856E-21
3204000	2.9840E-21
3206000	2.9825E-21
3208000	2.9809E-21
3210000	2.9793E-21
3212000	2.9778E-21
3214000	2.9762E-21
3216000	2.9747E-21
3218000	2.9731E-21
3220000	2.9715E-21
3222000	2.9700E-21
3224000	2.9684E-21
3226000	2.9669E-21
3228000	2.9653E-21
3230000	2.9638E-21
3232000	2.9623E-21
3234000	2.9607E-21
3236000	2.9592E-21
3238000	2.9576E-21
3240000	2.9561E-21
3242000	2.9546E-21
3244000	2.9530E-21
3246000	2.9515E-21
3248000	2.9500E-21
3250000	2.9484E-21
3252000	2.9469E-21
3254000	2.9454E-21
3256000	2.9439E-21
3258000	2.9423E-21
3260000	2.9408E-21
3262000	2.9393E-21
3264000	2.9378E-21
3266000	2.9363E-21
3268000	2.9348E-21
3270000	2.9333E-21
3272000	2.9317E-21
3274000	2.9302E-21
3276000	2.9287E-21
3278000	2.9272E-21
3280000	2.9257E-21
3282000	2.9242E-21
3284000	2.9227E-21
3286000	2.9212E-21
3288000	2.9197E-21
3290000	2.9182E-21
3292000	2.9167E-21
3294000	2.9153E-21
3296000	2.9138E-21
3298000	2.9123E-21
3300000	2.9108E-21
3302000	2.9093E-21
3304000	2.9078E-21
3306000	2.9063E-21
3308000	2.9049E-21
3310000	2.9034E-21
3312000	2.9019E-21
3314000	2.9004E-21
3316000	2.8990E-21
3318000	2.8975E-21
3320000	2.8960E-21
3322000	2.8945E-21
3324000	2.8931E-21
3326000	2.8916E-21
3328000	2.8902E-21
3330000	2.8887E-21
3332000	2.8872E-21
3334000	2.8858E-21
3336000	2.8843E-21
3338000	2.8829E-21
3340000	2.8814E-21
3342000	2.8800E-21
3344000	2.8785E-21
3346000	2.8771E-21
3348000	2.8756E-21
3350000	2.8742E-21
3352000	2.8727E-21
3354000	2.8713E-21
3356000	2.8698E-21
3358000	2.8684E-21
3360000	2.8670E-21
3362000	2.8655E-21
3364000	2.8641E-21
3366000	2.8626E-21
3368000	2.8612E-21
3370000	2.8598E-21
3372000	2.8584E-21
3374000	2.8569E-21
3376000	2.8555E-21
3378000	2.8541E-21
3380000	2.8527E-21
3382000	2.8512E-21
3384000	2.8498E-21
3386000	2.8484E-21
3388000	2.8470E-21
3390000	2.8456E-21
3392000	2.8442E-21
3394000	2.8427E-21
3396000	2.8413E-21
3398000	2.8399E-21
3400000	2.8385E-21
3402000	2.8371E-21
3404000	2.8357E-21
3406000	2.8343E-21
3408000	2.8329E-21
3410000	2.8315E-21
3412000	2.8301E-21
3414000	2.8287E-21
3416000	2.8273E-21
3418000	2.8259E-21
3420000	2.8245E-21
3422000	2.8231E-21
3424000	2.8217E-21
3426000	2.8203E-21
3428000	2.8190E-21
3430000	2.8176E-21
3432000	2.8162E-21
3434000	2.8148E-21
3436000	2.8134E-21
3438000	2.8121E-21
3440000	2.8107E-21
3442000	2.8093E-21
3444000	2.8079E-21
3446000	2.8065E-21
3448000	2.8052E-21
3450000	2.8038E-21
3452000	2.8024E-21
3454000	2.8011E-21
3456000	2.7997E-21
3458000	2.7983E-21
3460000	2.7970E-21
3462000	2.7956E-21
3464000	2.7943E-21
3466000	2.7929E-21
3468000	2.7915E-21
3470000	2.7902E-21
3472000	2.7888E-21
3474000	2.7875E-21
3476000	2.7861E-21
3478000	2.7848E-21
3480000	2.7834E-21
3482000	2.7821E-21
3484000	2.7807E-21
3486000	2.7794E-21
3488000	2.7780E-21
3490000	2.7767E-21
3492000	2.7754E-21
3494000	2.7740E-21
3496000	2.7727E-21
3498000	2.7713E-21
3500000	2.7700E-21
3502000	2.7687E-21
3504000	2.7673E-21
3506000	2.7660E-21
3508000	2.7647E-21
3510000	2.7633E-21
3512000	2.7620E-21
3514000	2.7607E-21
3516000	2.7594E-21
3518000	2.7580E-21
3520000	2.7567E-21
3522000	2.7554E-21
3524000	2.7541E-21
3526000	2.7528E-21
3528000	2.7515E-21
3530000	2.7501E-21
3532000	2.7488E-21
3534000	2.7475E-21
3536000	2.7462E-21
3538000	2.7449E-21
3540000	2.7436E-21
3542000	2.7423E-21
3544000	2.7410E-21
3546000	2.7397E-21
3548000	2.7384E-21
3550000	2.7371E-21
3552000	2.7358E-21
3554000	2.7345E-21
3556000	2.7332E-21
3558000	2.7319E-21
3560000	2.7306E-21
3562000	2.7293E-21
3564000	2.7280E-21
3566000	2.7267E-21
3568000	2.7254E-21
3570000	2.7241E-21
3572000	2.7228E-21
3574000	2.7216E-21
3576000	2.7203E-21
3578000	2.7190E-21
3580000	2.7177E-21
3582000	2.7164E-21
3584000	2.7151E-21
3586000	2.7139E-21
3588000	2.7126E-21
3590000	2.7113E-21
3592000	2.7100E-21
3594000	2.7088E-21
3596000	2.7075E-21
3598000	2.7062E-21
3600000	2.7050E-21
3602000	2.7037E-21
3604000	2.7024E-21
3606000	2.7012E-21
3608000	2.6999E-21
3610000	2.6986E-21
3612000	2.6974E-21
3614000	2.6961E-21
3616000	2.6949E-21
3618000	2.6936E-21
3620000	2.6923E-21
3622000	2.6911E-21
3624000	2.6898E-21
3626000	2.6886E-21
3628000	2.6873E-21
3630000	2.6861E-21
3632000	2.6848E-21
3634000	2.6836E-21
3636000	2.6823E-21
3638000	2.6811E-21
3640000	2.6799E-21
3642000	2.6786E-21
3644000	2.6774E-21
3646000	2.6761E-21
3648000	2.6749E-21
3650000	2.6737E-21
3652000	2.6724E-21
3654000	2.6712E-21
3656000	2.6700E-21
3658000	2.6687E-21
3660000	2.6675E-21
3662000	2.6663E-21
3664000	2.6650E-21
3666000	2.6638E-21
3668000	2.6626E-21
3670000	2.6614E-21
3672000	2.6601E-21
3674000	2.6589E-21
3676000	2.6577E-21
3678000	2.6565E-21
3680000	2.6553E-21
3682000	2.6540E-21
3684000	2.6528E-21
3686000	2.6516E-21
3688000	2.6504E-21
3690000	2.6492E-21
3692000	2.6480E-21
3694000	2.6468E-21
3696000	2.6455E-21
3698000	2.6443E-21
3700000	2.6431E-21
3702000	2.6419E-21
3704000	2.6407E-21
3706000	2.6395E-21
3708000	2.6383E-21
3710000	2.6371E-21
3712000	2.6359E-21
3714000	2.6347E-21
3716000	2.6335E-21
3718000	2.6323E-21
3720000	2.6311E-21
3722000	2.6299E-21
3724000	2.6287E-21
3726000	2.6276E-21
3728000	2.6264E-21
3730000	2.6252E-21
3732000	2.6240E-21
3734000	2.6228E-21
3736000	2.6216E-21
3738000	2.6204E-21
3740000	2.6192E-21
3742000	2.6181E-21
3744000	2.6169E-21
3746000	2.6157E-21
3748000	2.6145E-21
3750000	2.6133E-21
3752000	2.6122E-21
3754000	2.6110E-21
3756000	2.6098E-21
3758000	2.6086E-21
3760000	2.6075E-21
3762000	2.6063E-21
3764000	2.6051E-21
3766000	2.6040E-21
3768000	2.6028E-21
3770000	2.6016E-21
3772000	2.6005E-21
3774000	2.5993E-21
3776000	2.5981E-21
3778000	2.5970E-21
3780000	2.5958E-21
3782000	2.5947E-21
3784000	2.5935E-21
3786000	2.5923E-21
3788000	2.5912E-21
3790000	2.5900E-21
3792000	2.5889E-21
3794000	2.5877E-21
3796000	2.5866E-21
3798000	2.5854E-21
3800000	2.5843E-21
3802000	2.5831E-21
3804000	2.5820E-21
3806000	2.5808E-21
3808000	2.5797E-21
3810000	2.5785E-21
3812000	2.5774E-21
3814000	2.5763E-21
3816000	2.5751E-21
3818000	2.5740E-21
3820000	2.5728E-21
3822000	2.5717E-21
3824000	2.5706E-21
3826000	2.5694E-21
3828000	2.5683E-21
3830000	2.5672E-21
3832000	2.5660E-21
3834000	2.5649E-21
3836000	2.5638E-21
3838000	2.5626E-21
3840000	2.5615E-21
3842000	2.5604E-21
3844000	2.5593E-21
3846000	2.5581E-21
3848000	2.5570E-21
3850000	2.5559E-21
3852000	2.5548E-21
3854000	2.5536E-21
3856000	2.5525E-21
3858000	2.5514E-21
3860000	2.5503E-21
3862000	2.5492E-21
3864000	2.5481E-21
3866000	2.5469E-21
3868000	2.5458E-21
3870000	2.5447E-21
3872000	2.5436E-21
3874000	2.5425E-21
3876000	2.5414E-21
3878000	2.5403E-21
3880000	2.5392E-21
3882000	2.5381E-21
3884000	2.5370E-21
3886000	2.5359E-21
3888000	2.5348E-21
3890000	2.5337E-21
3892000	2.5326E-21
3894000	2.5315E-21
3896000	2.5304E-21
3898000	2.5293E-21
3900000	2.5282E-21
3902000	2.5271E-21
3904000	2.5260E-21
3906000	2.5249E-21
3908000	2.5238E-21
3910000	2.5227E-21
3912000	2.5216E-21
3914000	2.5205E-21
3916000	2.5194E-21
3918000	2.5183E-21
3920000	2.5173E-21
3922000	2.5162E-21
3924000	2.5151E-21
3926000	2.5140E-21
3928000	2.5129E-21
3930000	2.5118E-21
3932000	2.5108E-21
3934000	2.5097E-21
3936000	2.5086E-21
3938000	2.5075E-21
3940000	2.5065E-21
3942000	2.5054E-21
3944000	2.5043E-21
3946000	2.5032E-21
3948000	2.5022E-21
3950000	2.5011E-21
3952000	2.5000E-21
3954000	2.4990E-21
3956000	2.4979E-21
3958000	2.4968E-21
3960000	2.4957E-21
3962000	2.4947E-21
3964000	2.4936E-21
3966000	2.4926E-21
3968000	2.4915E-21
3970000	2.4904E-21
3972000	2.4894E-21
3974000	2.4883E-21
3976000	2.4873E-21
3978000	2.4862E-21
3980000	2.4851E-21
3982000	2.4841E-21
3984000	2.4830E-21
3986000	2.4820E-21
3988000	2.4809E-21
3990000	2.4799E-21
3992000	2.4788E-21
3994000	2.4778E-21
3996000	2.4767E-21
3998000	2.4757E-21
4000000	2.4746E-21
4002000	2.4736E-21
4004000	2.4725E-21
4006000	2.4715E-21
4008000	2.4705E-21
4010000	2.4694E-21
4012000	2.4684E-21
4014000	2.4673E-21
4016000	2.4663E-21
4018000	2.4653E-21
4020000	2.4642E-21
4022000	2.4632E-21
4024000	2.4621E-21
4026000	2.4611E-21
4028000	2.4601E-21
4030000	2.4590E-21
4032000	2.4580E-21
4034000	2.4570E-21
4036000	2.4559E-21
4038000	2.4549E-21
4040000	2.4539E-21
4042000	2.4529E-21
4044000	2.4518E-21
4046000	2.4508E-21
4048000	2.4498E-21
4050000	2.4488E-21
4052000	2.4477E-21
4054000	2.4467E-21
4056000	2.4457E-21
4058000	2.4447E-21
4060000	2.4437E-21
4062000	2.4426E-21
4064000	2.4416E-21
4066000	2.4406E-21
4068000	2.4396E-21
4070000	2.4386E-21
4072000	2.4376E-21
4074000	2.4366E-21
4076000	2.4355E-21
4078000	2.4345E-21
4080000	2.4335E-21
4082000	2.4325E-21
4084000	2.4315E-21
4086000	2.4305E-21
4088000	2.4295E-21
4090000	2.4285E-21
4092000	2.4275E-21
4094000	2.4265E-21
4096000	2.4255E-21
4098000	2.4245E-21
4100000	2.4235E-21
4102000	2.4225E-21
4104000	2.4215E-21
4106000	2.4205E-21
4108000	2.4195E-21
4110000	2.4185E-21
4112000	2.4175E-21
4114000	2.4165E-21
4116000	2.4155E-21
4118000	2.4145E-21
4120000	2.4135E-21
4122000	2.4125E-21
4124000	2.4115E-21
4126000	2.4106E-21
4128000	2.4096E-21
4130000	2.4086E-21
4132000	2.4076E-21
4134000	2.4066E-21
4136000	2.4056E-21
4138000	2.4046E-21
4140000	2.4037E-21
4142000	2.4027E-21
4144000	2.4017E-21
4146000	2.4007E-21
4148000	2.3997E-21
4150000	2.3987E-21
4152000	2.3978E-21
4154000	2.3968E-21
4156000	2.3958E-21
4158000	2.3948E-21
4160000	2.3939E-21
4162000	2.3929E-21
4164000	2.3919E-21
4166000	2.3909E-21
4168000	2.3900E-21
4170000	2.3890E-21
4172000	2.3880E-21
4174000	2.3871E-21
4176000	2.3861E-21
4178000	2.3851E-21
4180000	2.3842E-21
4182000	2.3832E-21
4184000	2.3822E-21
4186000	2.3813E-21
4188000	2.3803E-21
4190000	2.3794E-21
4192000	2.3784E-21
4194000	2.3774E-21
4196000	2.3765E-21
4198000	2.3755E-21
4200000	2.3746E-21
4202000	2.3736E-21
4204000	2.3726E-21
4206000	2.3717E-21
4208000	2.3707E-21
4210000	2.3698E-21
4212000	2.3688E-21
4214000	2.3679E-21
4216000	2.3669E-21
4218000	2.3660E-21
4220000	2.3650E-21
4222000	2.3641E-21
4224000	2.3631E-21
4226000	2.3622E-21
4228000	2.3612E-21
4230000	2.3603E-21
4232000	2.3593E-21
4234000	2.3584E-21
4236000	2.3575E-21
4238000	2.3565E-21
4240000	2.3556E-21
4242000	2.3546E-21
4244000	2.3537E-21
4246000	2.3528E-21
4248000	2.3518E-21
4250000	2.3509E-21
4252000	2.3499E-21
4254000	2.3490E-21
4256000	2.3481E-21
4258000	2.3471E-21
4260000	2.3462E-21
4262000	2.3453E-21
4264000	2.3443E-21
4266000	2.3434E-21
4268000	2.3425E-21
4270000	2.3416E-21
4272000	2.3406E-21
4274000	2.3397E-21
4276000	2.3388E-21
4278000	2.3378E-21
4280000	2.3369E-21
4282000	2.3360E-21
4284000	2.3351E-21
4286000	2.3342E-21
4288000	2.3332E-21
4290000	2.3323E-21
4292000	2.3314E-21
4294000	2.3305E-21
4296000	2.3296E-21
4298000	2.3286E-21
4300000	2.3277E-21
4302000	2.3268E-21
4304000	2.3259E-21
4306000	2.3250E-21
4308000	2.3241E-21
4310000	2.3231E-21
4312000	2.3222E-21
4314000	2.3213E-21
4316000	2.3204E-21
4318000	2.3195E-21
4320000	2.3186E-21
4322000	2.3177E-21
4324000	2.3168E-21
4326000	2.3159E-21
4328000	2.3150E-21
4330000	2.3140E-21
4332000	2.3131E-21
4334000	2.3122E-21
4336000	2.3113E-21
4338000	2.3104E-21
4340000	2.3095E-21
4342000	2.3086E-21
4344000	2.3077E-21
4346000	2.3068E-21
4348000	2.3059E-21
4350000	2.3050E-21
4352000	2.3041E-21
4354000	2.3032E-21
4356000	2.3023E-21
4358000	2.3014E-21
4360000	2.3006E-21
4362000	2.2997E-21
4364000	2.2988E-21
4366000	2.2979E-21
4368000	2.2970E-21
4370000	2.2961E-21
4372000	2.2952E-21
4374000	2.2943E-21
4376000	2.2934E-21
4378000	2.2925E-21
4380000	2.2917E-21
4382000	2.2908E-21
4384000	2.2899E-21
4386000	2.2890E-21
4388000	2.2881E-21
4390000	2.2872E-21
4392000	2.2863E-21
4394000	2.2855E-21
4396000	2.2846E-21
4398000	2.2837E-21
4400000	2.2828E-21
4402000	2.2819E-21
4404000	2.2811E-21
4406000	2.2802E-21
4408000	2.2793E-21
4410000	2.2784E-21
4412000	2.2776E-21
4414000	2.2767E-21
4416000	2.2758E-21
4418000	2.2749E-21
4420000	2.2741E-21
4422000	2.2732E-21
4424000	2.2723E-21
4426000	2.2715E-21
4428000	2.2706E-21
4430000	2.2697E-21
4432000	2.2689E-21
4434000	2.2680E-21
4436000	2.2671E-21
4438000	2.2663E-21
4440000	2.2654E-21
4442000	2.2645E-21
4444000	2.2637E-21
4446000	2.2628E-21
4448000	2.2619E-21
4450000	2.2611E-21
4452000	2.2602E-21
4454000	2.2594E-21
4456000	2.2585E-21
4458000	2.2576E-21
4460000	2.2568E-21
4462000	2.2559E-21
4464000	2.2551E-21
4466000	2.2542E-21
4468000	2.2533E-21
4470000	2.2525E-21
4472000	2.2516E-21
4474000	2.2508E-21
4476000	2.2499E-21
4478000	2.2491E-21
4480000	2.2482E-21
4482000	2.2474E-21
4484000	2.2465E-21
4486000	2.2457E-21
4488000	2.2448E-21
4490000	2.2440E-21
4492000	2.2431E-21
4494000	2.2423E-21
4496000	2.2414E-21
4498000	2.2406E-21
4500000	2.2398E-21
4502000	2.2389E-21
4504000	2.2381E-21
4506000	2.2372E-21
4508000	2.2364E-21
4510000	2.2355E-21
4512000	2.2347E-21
4514000	2.2339E-21
4516000	2.2330E-21
4518000	2.2322E-21
4520000	2.2314E-21
4522000	2.2305E-21
4524000	2.2297E-21
4526000	2.2288E-21
4528000	2.2280E-21
4530000	2.2272E-21
4532000	2.2263E-21
4534000	2.2255E-21
4536000	2.2247E-21
4538000	2.2239E-21
4540000	2.2230E-21
4542000	2.2222E-21
4544000	2.2214E-21
4546000	2.2205E-21
4548000	2.2197E-21
4550000	2.2189E-21
4552000	2.2181E-21
4554000	2.2172E-21
4556000	2.2164E-21
4558000	2.2156E-21
4560000	2.2148E-21
4562000	2.2139E-21
4564000	2.2131E-21
4566000	2.2123E-21
4568000	2.2115E-21
4570000	2.2106E-21
4572000	2.2098E-21
4574000	2.2090E-21
4576000	2.2082E-21
4578000	2.2074E-21
4580000	2.2065E-21
4582000	2.2057E-21
4584000	2.2049E-21
4586000	2.2041E-21
4588000	2.2033E-21
4590000	2.2025E-21
4592000	2.2017E-21
4594000	2.2008E-21
4596000	2.2000E-21
4598000	2.1992E-21
4600000	2.1984E-21
4602000	2.1976E-21
4604000	2.1968E-21
4606000	2.1960E-21
4608000	2.1952E-21
4610000	2.1944E-21
4612000	2.1936E-21
4614000	2.1928E-21
4616000	2.1919E-21
4618000	2.1911E-21
4620000	2.1903E-21
4622000	2.1895E-21
4624000	2.1887E-21
4626000	2.1879E-21
4628000	2.1871E-21
4630000	2.1863E-21
4632000	2.1855E-21
4634000	2.1847E-21
4636000	2.1839E-21
4638000	2.1831E-21
4640000	2.1823E-21
4642000	2.1815E-21
4644000	2.1807E-21
4646000	2.1799E-21
4648000	2.1791E-21
4650000	2.1783E-21
4652000	2.1776E-21
4654000	2.1768E-21
4656000	2.1760E-21
4658000	2.1752E-21
4660000	2.1744E-21
4662000	2.1736E-21
4664000	2.1728E-21
4666000	2.1720E-21
4668000	2.1712E-21
4670000	2.1704E-21
4672000	2.1696E-21
4674000	2.1689E-21
4676000	2.1681E-21
4678000	2.1673E-21
4680000	2.1665E-21
4682000	2.1657E-21
4684000	2.1649E-21
4686000	2.1641E-21
4688000	2.1634E-21
4690000	2.1626E-21
4692000	2.1618E-21
4694000	2.1610E-21
4696000	2.1602E-21
4698000	2.1595E-21
4700000	2.1587E-21
4702000	2.1579E-21
4704000	2.1571E-21
4706000	2.1563E-21
4708000	2.1556E-21
4710000	2.1548E-21
4712000	2.1540E-21
4714000	2.1532E-21
4716000	2.1525E-21
4718000	2.1517E-21
4720000	2.1509E-21
4722000	2.1501E-21
4724000	2.1494E-21
4726000	2.1486E-21
4728000	2.1478E-21
4730000	2.1471E-21
4732000	2.1463E-21
4734000	2.1455E-21
4736000	2.1447E-21
4738000	2.1440E-21
4740000	2.1432E-21
4742000	2.1424E-21
4744000	2.1417E-21
4746000	2.1409E-21
4748000	2.1401E-21
4750000	2.1394E-21
4752000	2.1386E-21
4754000	2.1379E-21
4756000	2.1371E-21
4758000	2.1363E-21
4760000	2.1356E-21
4762000	2.1348E-21
4764000	2.1340E-21
4766000	2.1333E-21
4768000	2.1325E-21
4770000	2.1318E-21
4772000	2.1310E-21
4774000	2.1303E-21
4776000	2.1295E-21
4778000	2.1287E-21
4780000	2.1280E-21
4782000	2.1272E-21
4784000	2.1265E-21
4786000	2.1257E-21
4788000	2.1250E-21
4790000	2.1242E-21
4792000	2.1235E-21
4794000	2.1227E-21
4796000	2.1220E-21
4798000	2.1212E-21
4800000	2.1205E-21
4802000	2.1197E-21
4804000	2.1190E-21
4806000	2.1182E-21
4808000	2.1175E-21
4810000	2.1167E-21
4812000	2.1160E-21
4814000	2.1152E-21
4816000	2.1145E-21
4818000	2.1137E-21
4820000	2.1130E-21
4822000	2.1122E-21
4824000	2.1115E-21
4826000	2.1108E-21
4828000	2.1100E-21
4830000	2.1093E-21
4832000	2.1085E-21
4834000	2.1078E-21
4836000	2.1071E-21
4838000	2.1063E-21
4840000	2.1056E-21
4842000	2.1048E-21
4844000	2.1041E-21
4846000	2.1034E-21
4848000	2.1026E-21
4850000	2.1019E-21
4852000	2.1012E-21
4854000	2.1004E-21
4856000	2.0997E-21
4858000	2.0989E-21
4860000	2.0982E-21
4862000	2.0975E-21
4864000	2.0968E-21
4866000	2.0960E-21
4868000	2.0953E-21
4870000	2.0946E-21
4872000	2.0938E-21
4874000	2.0931E-21
4876000	2.0924E-21
4878000	2.0916E-21
4880000	2.0909E-21
4882000	2.0902E-21
4884000	2.0895E-21
4886000	2.0887E-21
4888000	2.0880E-21
4890000	2.0873E-21
4892000	2.0866E-21
4894000	2.0858E-21
4896000	2.0851E-21
4898000	2.0844E-21
4900000	2.0837E-21
4902000	2.0829E-21
4904000	2.0822E-21
4906000	2.0815E-21
4908000	2.0808E-21
4910000	2.0801E-21
4912000	2.0793E-21
4914000	2.0786E-21
4916000	2.0779E-21
4918000	2.0772E-21
4920000	2.0765E-21
4922000	2.0758E-21
4924000	2.0750E-21
4926000	2.0743E-21
4928000	2.0736E-21
4930000	2.0729E-21
4932000	2.0722E-21
4934000	2.0715E-21
4936000	2.0708E-21
4938000	2.0700E-21
4940000	2.0693E-21
4942000	2.0686E-21
4944000	2.0679E-21
4946000	2.0672E-21
4948000	2.0665E-21
4950000	2.0658E-21
4952000	2.0651E-21
4954000	2.0644E-21
4956000	2.0637E-21
4958000	2.0630E-21
4960000	2.0622E-21
4962000	2.0615E-21
4964000	2.0608E-21
4966000	2.0601E-21
4968000	2.0594E-21
4970000	2.0587E-21
4972000	2.0580E-21
4974000	2.0573E-21
4976000	2.0566E-21
4978000	2.0559E-21
4980000	2.0552E-21
4982000	2.0545E-21
4984000	2.0538E-21
4986000	2.0531E-21
4988000	2.0524E-21
4990000	2.0517E-21
4992000	2.0510E-21
4994000	2.0503E-21
4996000	2.0496E-21
4998000	2.0489E-21
5000000	2.0482E-21
5002000	2.0475E-21
5004000	2.0468E-21
5006000	2.0461E-21
5008000	2.0454E-21
5010000	2.0448E-21
5012000	2.0441E-21
5014000	2.0434E-21
5016000	2.0427E-21
5018000	2.0420E-21
5020000	2.0413E-21
5022000	2.0406E-21
5024000	2.0399E-21
5026000	2.0392E-21
5028000	2.0385E-21
5030000	2.0378E-21
5032000	2.0372E-21
5034000	2.0365E-21
5036000	2.0358E-21
5038000	2.0351E-21
5040000	2.0344E-21
5042000	2.0337E-21
5044000	2.0330E-21
5046000	2.0324E-21
5048000	2.0317E-21
5050000	2.0310E-21
5052000	2.0303E-21
5054000	2.0296E-21
5056000	2.0289E-21
5058000	2.0283E-21
5060000	2.0276E-21
5062000	2.0269E-21
5064000	2.0262E-21
5066000	2.0255E-21
5068000	2.0249E-21
5070000	2.0242E-21
5072000	2.0235E-21
5074000	2.0228E-21
5076000	2.0222E-21
5078000	2.0215E-21
5080000	2.0208E-21
5082000	2.0201E-21
5084000	2.0194E-21
5086000	2.0188E-21
5088000	2.0181E-21
5090000	2.0174E-21
5092000	2.0168E-21
5094000	2.0161E-21
5096000	2.0154E-21
5098000	2.0147E-21
5100000	2.0141E-21
5102000	2.0134E-21
5104000	2.0127E-21
5106000	2.0121E-21
5108000	2.0114E-21
5110000	2.0107E-21
5112000	2.0100E-21
5114000	2.0094E-21
5116000	2.0087E-21
5118000	2.0080E-21
5120000	2.0074E-21
5122000	2.0067E-21
5124000	2.0060E-21
5126000	2.0054E-21
5128000	2.0047E-21
5130000	2.0041E-21
5132000	2.0034E-21
5134000	2.0027E-21
5136000	2.0021E-21
5138000	2.0014E-21
5140000	2.0007E-21
5142000	2.0001E-21
5144000	1.9994E-21
5146000	1.9988E-21
5148000	1.9981E-21
5150000	1.9974E-21
5152000	1.9968E-21
5154000	1.9961E-21
5156000	1.9955E-21
5158000	1.9948E-21
5160000	1.9942E-21
5162000	1.9935E-21
5164000	1.9928E-21
5166000	1.9922E-21
5168000	1.9915E-21
5170000	1.9909E-21
5172000	1.9902E-21
5174000	1.9896E-21
5176000	1.9889E-21
5178000	1.9883E-21
5180000	1.9876E-21
5182000	1.9870E-21
5184000	1.9863E-21
5186000	1.9857E-21
5188000	1.9850E-21
5190000	1.9844E-21
5192000	1.9837E-21
5194000	1.9831E-21
5196000	1.9824E-21
5198000	1.9818E-21
5200000	1.9811E-21
5202000	1.9805E-21
5204000	1.9798E-21
5206000	1.9792E-21
5208000	1.9785E-21
5210000	1.9779E-21
5212000	1.9772E-21
5214000	1.9766E-21
5216000	1.9759E-21
5218000	1.9753E-21
5220000	1.9747E-21
5222000	1.9740E-21
5224000	1.9734E-21
5226000	1.9727E-21
5228000	1.9721E-21
5230000	1.9714E-21
5232000	1.9708E-21
5234000	1.9702E-21
5236000	1.9695E-21
5238000	1.9689E-21
5240000	1.9682E-21
5242000	1.9676E-21
5244000	1.9670E-21
5246000	1.9663E-21
5248000	1.9657E-21
5250000	1.9651E-21
5252000	1.9644E-21
5254000	1.9638E-21
5256000	1.9632E-21
5258000	1.9625E-21
5260000	1.9619E-21
5262000	1.9613E-21
5264000	1.9606E-21
5266000	1.9600E-21
5268000	1.9594E-21
5270000	1.9587E-21
5272000	1.9581E-21
5274000	1.9575E-21
5276000	1.9568E-21
5278000	1.9562E-21
5280000	1.9556E-21
5282000	1.9549E-21
5284000	1.9543E-21
5286000	1.9537E-21
5288000	1.9531E-21
5290000	1.9524E-21
5292000	1.9518E-21
5294000	1.9512E-21
5296000	1.9505E-21
5298000	1.9499E-21
5300000	1.9493E-21
5302000	1.9487E-21
5304000	1.9480E-21
5306000	1.9474E-21
5308000	1.9468E-21
5310000	1.9462E-21
5312000	1.9455E-21
5314000	1.9449E-21
5316000	1.9443E-21
5318000	1.9437E-21
5320000	1.9431E-21
5322000	1.9424E-21
5324000	1.9418E-21
5326000	1.9412E-21
5328000	1.9406E-21
5330000	1.9400E-21
5332000	1.9393E-21
5334000	1.9387E-21
5336000	1.9381E-21
5338000	1.9375E-21
5340000	1.9369E-21
5342000	1.9363E-21
5344000	1.9356E-21
5346000	1.9350E-21
5348000	1.9344E-21
5350000	1.9338E-21
5352000	1.9332E-21
5354000	1.9326E-21
5356000	1.9320E-21
5358000	1.9313E-21
5360000	1.9307E-21
5362000	1.9301E-21
5364000	1.9295E-21
5366000	1.9289E-21
5368000	1.9283E-21
5370000	1.9277E-21
5372000	1.9271E-21
5374000	1.9264E-21
5376000	1.9258E-21
5378000	1.9252E-21
5380000	1.9246E-21
5382000	1.9240E-21
5384000	1.9234E-21
5386000	1.9228E-21
5388000	1.9222E-21
5390000	1.9216E-21
5392000	1.9210E-21
5394000	1.9204E-21
5396000	1.9198E-21
5398000	1.9192E-21
5400000	1.9186E-21
5402000	1.9180E-21
5404000	1.9174E-21
5406000	1.9167E-21
5408000	1.9161E-21
5410000	1.9155E-21
5412000	1.9149E-21
5414000	1.9143E-21
5416000	1.9137E-21
5418000	1.9131E-21
5420000	1.9125E-21
5422000	1.9119E-21
5424000	1.9113E-21
5426000	1.9107E-21
5428000	1.9101E-21
5430000	1.9095E-21
5432000	1.9089E-21
5434000	1.9083E-21
5436000	1.9078E-21
5438000	1.9072E-21
5440000	1.9066E-21
5442000	1.9060E-21
5444000	1.9054E-21
5446000	1.9048E-21
5448000	1.9042E-21
5450000	1.9036E-21
5452000	1.9030E-21
5454000	1.9024E-21
5456000	1.9018E-21
5458000	1.9012E-21
5460000	1.9006E-21
5462000	1.9000E-21
5464000	1.8994E-21
5466000	1.8988E-21
5468000	1.8983E-21
5470000	1.8977E-21
5472000	1.8971E-21
5474000	1.8965E-21
5476000	1.8959E-21
5478000	1.8953E-21
5480000	1.8947E-21
5482000	1.8941E-21
5484000	1.8935E-21
5486000	1.8930E-21
5488000	1.8924E-21
5490000	1.8918E-21
5492000	1.8912E-21
5494000	1.8906E-21
5496000	1.8900E-21
5498000	1.8894E-21
5500000	1.8889E-21
5502000	1.8883E-21
5504000	1.8877E-21
5506000	1.8871E-21
5508000	1.8865E-21
5510000	1.8859E-21
5512000	1.8854E-21
5514000	1.8848E-21
5516000	1.8842E-21
5518000	1.8836E-21
5520000	1.8830E-21
5522000	1.8825E-21
5524000	1.8819E-21
5526000	1.8813E-21
5528000	1.8807E-21
5530000	1.8801E-21
5532000	1.8796E-21
5534000	1.8790E-21
5536000	1.8784E-21
5538000	1.8778E-21
5540000	1.8772E-21
5542000	1.8767E-21
5544000	1.8761E-21
5546000	1.8755E-21
5548000	1.8749E-21
5550000	1.8744E-21
5552000	1.8738E-21
5554000	1.8732E-21
5556000	1.8726E-21
5558000	1.8721E-21
5560000	1.8715E-21
5562000	1.8709E-21
5564000	1.8704E-21
5566000	1.8698E-21
5568000	1.8692E-21
5570000	1.8686E-21
5572000	1.8681E-21
5574000	1.8675E-21
5576000	1.8669E-21
5578000	1.8664E-21
5580000	1.8658E-21
5582000	1.8652E-21
5584000	1.8647E-21
5586000	1.8641E-21
5588000	1.8635E-21
5590000	1.8630E-21
5592000	1.8624E-21
5594000	1.8618E-21
5596000	1.8613E-21
5598000	1.8607E-21
5600000	1.8601E-21
5602000	1.8596E-21
5604000	1.8590E-21
5606000	1.8584E-21
5608000	1.8579E-21
5610000	1.8573E-21
5612000	1.8567E-21
5614000	1.8562E-21
5616000	1.8556E-21
5618000	1.8551E-21
5620000	1.8545E-21
5622000	1.8539E-21
5624000	1.8534E-21
5626000	1.8528E-21
5628000	1.8522E-21
5630000	1.8517E-21
5632000	1.8511E-21
5634000	1.8506E-21
5636000	1.8500E-21
5638000	1.8495E-21
5640000	1.8489E-21
5642000	1.8483E-21
5644000	1.8478E-21
5646000	1.8472E-21
5648000	1.8467E-21
5650000	1.8461E-21
5652000	1.8456E-21
5654000	1.8450E-21
5656000	1.8444E-21
5658000	1.8439E-21
5660000	1.8433E-21
5662000	1.8428E-21
5664000	1.8422E-21
5666000	1.8417E-21
5668000	1.8411E-21
5670000	1.8406E-21
5672000	1.8400E-21
5674000	1.8395E-21
5676000	1.8389E-21
5678000	1.8384E-21
5680000	1.8378E-21
5682000	1.8373E-21
5684000	1.8367E-21
5686000	1.8362E-21
5688000	1.8356E-21
5690000	1.8351E-21
5692000	1.8345E-21
5694000	1.8340E-21
5696000	1.8334E-21
5698000	1.8329E-21
5700000	1.8323E-21
5702000	1.8318E-21
5704000	1.8312E-21
5706000	1.8307E-21
5708000	1.8301E-21
5710000	1.8296E-21
5712000	1.8290E-21
5714000	1.8285E-21
5716000	1.8280E-21
5718000	1.8274E-21
5720000	1.8269E-21
5722000	1.8263E-21
5724000	1.8258E-21
5726000	1.8252E-21
5728000	1.8247E-21
5730000	1.8242E-21
5732000	1.8236E-21
5734000	1.8231E-21
5736000	1.8225E-21
5738000	1.8220E-21
5740000	1.8214E-21
5742000	1.8209E-21
5744000	1.8204E-21
5746000	1.8198E-21
5748000	1.8193E-21
5750000	1.8187E-21
5752000	1.8182E-21
5754000	1.8177E-21
5756000	1.8171E-21
5758000	1.8166E-21
5760000	1.8161E-21
5762000	1.8155E-21
5764000	1.8150E-21
5766000	1.8145E-21
5768000	1.8139E-21
5770000	1.8134E-21
5772000	1.8128E-21
5774000	1.8123E-21
5776000	1.8118E-21
5778000	1.8112E-21
5780000	1.8107E-21
5782000	1.8102E-21
5784000	1.8096E-21
5786000	1.8091E-21
5788000	1.8086E-21
5790000	1.8080E-21
5792000	1.8075E-21
5794000	1.8070E-21
5796000	1.8065E-21
5798000	1.8059E-21
5800000	1.8054E-21
5802000	1.8049E-21
5804000	1.8043E-21
5806000	1.8038E-21
5808000	1.8033E-21
5810000	1.8027E-21
5812000	1.8022E-21
5814000	1.8017E-21
5816000	1.8012E-21
5818000	1.8006E-21
5820000	1.8001E-21
5822000	1.7996E-21
5824000	1.7991E-21
5826000	1.7985E-21
5828000	1.7980E-21
5830000	1.7975E-21
5832000	1.7970E-21
5834000	1.7964E-21
5836000	1.7959E-21
5838000	1.7954E-21
5840000	1.7949E-21
5842000	1.7943E-21
5844000	1.7938E-21
5846000	1.7933E-21
5848000	1.7928E-21
5850000	1.7923E-21
5852000	1.7917E-21
5854000	1.7912E-21
5856000	1.7907E-21
5858000	1.7902E-21
5860000	1.7896E-21
5862000	1.7891E-21
5864000	1.7886E-21
5866000	1.7881E-21
5868000	1.7876E-21
5870000	1.7871E-21
5872000	1.7865E-21
5874000	1.7860E-21
5876000	1.7855E-21
5878000	1.7850E-21
5880000	1.7845E-21
5882000	1.7839E-21
5884000	1.7834E-21
5886000	1.7829E-21
5888000	1.7824E-21
5890000	1.7819E-21
5892000	1.7814E-21
5894000	1.7809E-21
5896000	1.7803E-21
5898000	1.7798E-21
5900000	1.7793E-21
5902000	1.7788E-21
5904000	1.7783E-21
5906000	1.7778E-21
5908000	1.7773E-21
5910000	1.7767E-21
5912000	1.7762E-21
5914000	1.7757E-21
5916000	1.7752E-21
5918000	1.7747E-21
5920000	1.7742E-21
5922000	1.7737E-21
5924000	1.7732E-21
5926000	1.7727E-21
5928000	1.7722E-21
5930000	1.7716E-21
5932000	1.7711E-21
5934000	1.7706E-21
5936000	1.7701E-21
5938000	1.7696E-21
5940000	1.7691E-21
5942000	1.7686E-21
5944000	1.7681E-21
5946000	1.7676E-21
5948000	1.7671E-21
5950000	1.7666E-21
5952000	1.7661E-21
5954000	1.7656E-21
5956000	1.7651E-21
5958000	1.7646E-21
5960000	1.7640E-21
5962000	1.7635E-21
5964000	1.7630E-21
5966000	1.7625E-21
5968000	1.7620E-21
5970000	1.7615E-21
5972000	1.7610E-21
5974000	1.7605E-21
5976000	1.7600E-21
5978000	1.7595E-21
5980000	1.7590E-21
5982000	1.7585E-21
5984000	1.7580E-21
5986000	1.7575E-21
5988000	1.7570E-21
5990000	1.7565E-21
5992000	1.7560E-21
5994000	1.7555E-21
5996000	1.7550E-21
5998000	1.7545E-21
6000000	1.7540E-21
6002000	1.7535E-21
6004000	1.7530E-21
6006000	1.7525E-21
6008000	1.7520E-21
6010000	1.7515E-21
6012000	1.7510E-21
6014000	1.7505E-21
6016000	1.7501E-21
6018000	1.7496E-21
6020000	1.7491E-21
6022000	1.7486E-21
6024000	1.7481E-21
6026000	1.7476E-21
6028000	1.7471E-21
6030000	1.7466E-21
6032000	1.7461E-21
6034000	1.7456E-21
6036000	1.7451E-21
6038000	1.7446E-21
6040000	1.7441E-21
6042000	1.7436E-21
6044000	1.7431E-21
6046000	1.7427E-21
6048000	1.7422E-21
6050000	1.7417E-21
6052000	1.7412E-21
6054000	1.7407E-21
6056000	1.7402E-21
6058000	1.7397E-21
6060000	1.7392E-21
6062000	1.7387E-21
6064000	1.7382E-21
6066000	1.7378E-21
6068000	1.7373E-21
6070000	1.7368E-21
6072000	1.7363E-21
6074000	1.7358E-21
6076000	1.7353E-21
6078000	1.7348E-21
6080000	1.7344E-21
6082000	1.7339E-21
6084000	1.7334E-21
6086000	1.7329E-21
6088000	1.7324E-21
6090000	1.7319E-21
6092000	1.7314E-21
6094000	1.7310E-21
6096000	1.7305E-21
6098000	1.7300E-21
6100000	1.7295E-21
6102000	1.7290E-21
6104000	1.7285E-21
6106000	1.7281E-21
6108000	1.7276E-21
6110000	1.7271E-21
6112000	1.7266E-21
6114000	1.7261E-21
6116000	1.7257E-21
6118000	1.7252E-21
6120000	1.7247E-21
6122000	1.7242E-21
6124000	1.7237E-21
6126000	1.7233E-21
6128000	1.7228E-21
6130000	1.7223E-21
6132000	1.7218E-21
6134000	1.7213E-21
6136000	1.7209E-21
6138000	1.7204E-21
6140000	1.7199E-21
6142000	1.7194E-21
6144000	1.7189E-21
6146000	1.7185E-21
6148000	1.7180E-21
6150000	1.7175E-21
6152000	1.7170E-21
6154000	1.7166E-21
6156000	1.7161E-21
6158000	1.7156E-21
6160000	1.7151E-21
6162000	1.7147E-21
6164000	1.7142E-21
6166000	1.7137E-21
6168000	1.7132E-21
6170000	1.7128E-21
6172000	1.7123E-21
6174000	1.7118E-21
6176000	1.7114E-21
6178000	1.7109E-21
6180000	1.7104E-21
6182000	1.7099E-21
6184000	1.7095E-21
6186000	1.7090E-21
6188000	1.7085E-21
6190000	1.7081E-21
6192000	1.7076E-21
6194000	1.7071E-21
6196000	1.7067E-21
6198000	1.7062E-21
6200000	1.7057E-21
6202000	1.7052E-21
6204000	1.7048E-21
6206000	1.7043E-21
6208000	1.7038E-21
6210000	1.7034E-21
6212000	1.7029E-21
6214000	1.7024E-21
6216000	1.7020E-21
6218000	1.7015E-21
6220000	1.7010E-21
6222000	1.7006E-21
6224000	1.7001E-21
6226000	1.6996E-21
6228000	1.6992E-21
6230000	1.6987E-21
6232000	1.6982E-21
6234000	1.6978E-21
6236000	1.6973E-21
6238000	1.6969E-21
6240000	1.6964E-21
6242000	1.6959E-21
6244000	1.6955E-21
6246000	1.6950E-21
6248000	1.6945E-21
6250000	1.6941E-21
6252000	1.6936E-21
6254000	1.6932E-21
6256000	1.6927E-21
6258000	1.6922E-21
6260000	1.6918E-21
6262000	1.6913E-21
6264000	1.6909E-21
6266000	1.6904E-21
6268000	1.6899E-21
6270000	1.6895E-21
6272000	1.6890E-21
6274000	1.6886E-21
6276000	1.6881E-21
6278000	1.6876E-21
6280000	1.6872E-21
6282000	1.6867E-21
6284000	1.6863E-21
6286000	1.6858E-21
6288000	1.6854E-21
6290000	1.6849E-21
6292000	1.6844E-21
6294000	1.6840E-21
6296000	1.6835E-21
6298000	1.6831E-21
6300000	1.6826E-21
6302000	1.6822E-21
6304000	1.6817E-21
6306000	1.6813E-21
6308000	1.6808E-21
6310000	1.6803E-21
6312000	1.6799E-21
6314000	1.6794E-21
6316000	1.6790E-21
6318000	1.6785E-21
6320000	1.6781E-21
6322000	1.6776E-21
6324000	1.6772E-21
6326000	1.6767E-21
6328000	1.6763E-21
6330000	1.6758E-21
6332000	1.6754E-21
6334000	1.6749E-21
6336000	1.6745E-21
6338000	1.6740E-21
6340000	1.6736E-21
6342000	1.6731E-21
6344000	1.6727E-21
6346000	1.6722E-21
6348000	1.6718E-21
6350000	1.6713E-21
6352000	1.6709E-21
6354000	1.6704E-21
6356000	1.6700E-21
6358000	1.6695E-21
6360000	1.6691E-21
6362000	1.6686E-21
6364000	1.6682E-21
6366000	1.6677E-21
6368000	1.6673E-21
6370000	1.6668E-21
6372000	1.6664E-21
6374000	1.6660E-21
6376000	1.6655E-21
6378000	1.6651E-21
6380000	1.6646E-21
6382000	1.6642E-21
6384000	1.6637E-21
6386000	1.6633E-21
6388000	1.6628E-21
6390000	1.6624E-21
6392000	1.6620E-21
6394000	1.6615E-21
6396000	1.6611E-21
6398000	1.6606E-21
6400000	1.6602E-21
6402000	1.6597E-21
6404000	1.6593E-21
6406000	1.6589E-21
6408000	1.6584E-21
6410000	1.6580E-21
6412000	1.6575E-21
6414000	1.6571E-21
6416000	1.6567E-21
6418000	1.6562E-21
6420000	1.6558E-21
6422000	1.6553E-21
6424000	1.6549E-21
6426000	1.6545E-21
6428000	1.6540E-21
6430000	1.6536E-21
6432000	1.6531E-21
6434000	1.6527E-21
6436000	1.6523E-21
6438000	1.6518E-21
6440000	1.6514E-21
6442000	1.6510E-21
6444000	1.6505E-21
6446000	1.6501E-21
6448000	1.6496E-21
6450000	1.6492E-21
6452000	1.6488E-21
6454000	1.6483E-21
6456000	1.6479E-21
6458000	1.6475E-21
6460000	1.6470E-21
6462000	1.6466E-21
6464000	1.6462E-21
6466000	1.6457E-21
6468000	1.6453E-21
6470000	1.6449E-21
6472000	1.6444E-21
6474000	1.6440E-21
6476000	1.6436E-21
6478000	1.6431E-21
6480000	1.6427E-21
6482000	1.6423E-21
6484000	1.6418E-21
6486000	1.6414E-21
6488000	1.6410E-21
6490000	1.6405E-21
6492000	1.6401E-21
6494000	1.6397E-21
6496000	1.6392E-21
6498000	1.6388E-21
6500000	1.6384E-21
6502000	1.6380E-21
6504000	1.6375E-21
6506000	1.6371E-21
6508000	1.6367E-21
6510000	1.6362E-21
6512000	1.6358E-21
6514000	1.6354E-21
6516000	1.6350E-21
6518000	1.6345E-21
6520000	1.6341E-21
6522000	1.6337E-21
6524000	1.6332E-21
6526000	1.6328E-21
6528000	1.6324E-21
6530000	1.6320E-21
6532000	1.6315E-21
6534000	1.6311E-21
6536000	1.6307E-21
6538000	1.6303E-21
6540000	1.6298E-21
6542000	1.6294E-21
6544000	1.6290E-21
6546000	1.6286E-21
6548000	1.6281E-21
6550000	1.6277E-21
6552000	1.6273E-21
6554000	1.6269E-21
6556000	1.6264E-21
6558000	1.6260E-21
6560000	1.6256E-21
6562000	1.6252E-21
6564000	1.6248E-21
6566000	1.6243E-21
6568000	1.6239E-21
6570000	1.6235E-21
6572000	1.6231E-21
6574000	1.6226E-21
6576000	1.6222E-21
6578000	1.6218E-21
6580000	1.6214E-21
6582000	1.6210E-21
6584000	1.6205E-21
6586000	1.6201E-21
6588000	1.6197E-21
6590000	1.6193E-21
6592000	1.6189E-21
6594000	1.6185E-21
6596000	1.6180E-21
6598000	1.6176E-21
6600000	1.6172E-21
6602000	1.6168E-21
6604000	1.6164E-21
6606000	1.6159E-21
6608000	1.6155E-21
6610000	1.6151E-21
6612000	1.6147E-21
6614000	1.6143E-21
6616000	1.6139E-21
6618000	1.6134E-21
6620000	1.6130E-21
6622000	1.6126E-21
6624000	1.6122E-21
6626000	1.6118E-21
6628000	1.6114E-21
6630000	1.6110E-21
6632000	1.6105E-21
6634000	1.6101E-21
6636000	1.6097E-21
6638000	1.6093E-21
6640000	1.6089E-21
6642000	1.6085E-21
6644000	1.6081E-21
6646000	1.6076E-21
6648000	1.6072E-21
6650000	1.6068E-21
6652000	1.6064E-21
6654000	1.6060E-21
6656000	1.6056E-21
6658000	1.6052E-21
6660000	1.6048E-21
6662000	1.6044E-21
6664000	1.6039E-21
6666000	1.6035E-21
6668000	1.6031E-21
6670000	1.6027E-21
6672000	1.6023E-21
6674000	1.6019E-21
6676000	1.6015E-21
6678000	1.6011E-21
6680000	1.6007E-21
6682000	1.6003E-21
6684000	1.5998E-21
6686000	1.5994E-21
6688000	1.5990E-21
6690000	1.5986E-21
6692000	1.5982E-21
6694000	1.5978E-21
6696000	1.5974E-21
6698000	1.5970E-21
6700000	1.5966E-21
6702000	1.5962E-21
6704000	1.5958E-21
6706000	1.5954E-21
6708000	1.5950E-21
6710000	1.5946E-21
6712000	1.5942E-21
6714000	1.5938E-21
6716000	1.5933E-21
6718000	1.5929E-21
6720000	1.5925E-21
6722000	1.5921E-21
6724000	1.5917E-21
6726000	1.5913E-21
6728000	1.5909E-21
6730000	1.5905E-21
6732000	1.5901E-21
6734000	1.5897E-21
6736000	1.5893E-21
6738000	1.5889E-21
6740000	1.5885E-21
6742000	1.5881E-21
6744000	1.5877E-21
6746000	1.5873E-21
6748000	1.5869E-21
6750000	1.5865E-21
6752000	1.5861E-21
6754000	1.5857E-21
6756000	1.5853E-21
6758000	1.5849E-21
6760000	1.5845E-21
6762000	1.5841E-21
6764000	1.5837E-21
6766000	1.5833E-21
6768000	1.5829E-21
6770000	1.5825E-21
6772000	1.5821E-21
6774000	1.5817E-21
6776000	1.5813E-21
6778000	1.5809E-21
6780000	1.5805E-21
6782000	1.5801E-21
6784000	1.5797E-21
6786000	1.5793E-21
6788000	1.5789E-21
6790000	1.5785E-21
6792000	1.5781E-21
6794000	1.5777E-21
6796000	1.5773E-21
6798000	1.5769E-21
6800000	1.5765E-21
6802000	1.5761E-21
6804000	1.5758E-21
6806000	1.5754E-21
6808000	1.5750E-21
6810000	1.5746E-21
6812000	1.5742E-21
6814000	1.5738E-21
6816000	1.5734E-21
6818000	1.5730E-21
6820000	1.5726E-21
6822000	1.5722E-21
6824000	1.5718E-21
6826000	1.5714E-21
6828000	1.5710E-21
6830000	1.5706E-21
6832000	1.5702E-21
6834000	1.5698E-21
6836000	1.5695E-21
6838000	1.5691E-21
6840000	1.5687E-21
6842000	1.5683E-21
6844000	1.5679E-21
6846000	1.5675E-21
6848000	1.5671E-21
6850000	1.5667E-21
6852000	1.5663E-21
6854000	1.5659E-21
6856000	1.5656E-21
6858000	1.5652E-21
6860000	1.5648E-21
6862000	1.5644E-21
6864000	1.5640E-21
6866000	1.5636E-21
6868000	1.5632E-21
6870000	1.5628E-21
6872000	1.5624E-21
6874000	1.5621E-21
6876000	1.5617E-21
6878000	1.5613E-21
6880000	1.5609E-21
6882000	1.5605E-21
6884000	1.5601E-21
6886000	1.5597E-21
6888000	1.5593E-21
6890000	1.5590E-21
6892000	1.5586E-21
6894000	1.5582E-21
6896000	1.5578E-21
6898000	1.5574E-21
6900000	1.5570E-21
6902000	1.5566E-21
6904000	1.5563E-21
6906000	1.5559E-21
6908000	1.5555E-21
6910000	1.5551E-21
6912000	1.5547E-21
6914000	1.5543E-21
6916000	1.5540E-21
6918000	1.5536E-21
6920000	1.5532E-21
6922000	1.5528E-21
6924000	1.5524E-21
6926000	1.5520E-21
6928000	1.5517E-21
6930000	1.5513E-21
6932000	1.5509E-21
6934000	1.5505E-21
6936000	1.5501E-21
6938000	1.5498E-21
6940000	1.5494E-21
6942000	1.5490E-21
6944000	1.5486E-21
6946000	1.5482E-21
6948000	1.5478E-21
6950000	1.5475E-21
6952000	1.5471E-21
6954000	1.5467E-21
6956000	1.5463E-21
6958000	1.5460E-21
6960000	1.5456E-21
6962000	1.5452E-21
6964000	1.5448E-21
6966000	1.5444E-21
6968000	1.5441E-21
6970000	1.5437E-21
6972000	1.5433E-21
6974000	1.5429E-21
6976000	1.5425E-21
6978000	1.5422E-21
6980000	1.5418E-21
6982000	1.5414E-21
6984000	1.5410E-21
6986000	1.5407E-21
6988000	1.5403E-21
6990000	1.5399E-21
6992000	1.5395E-21
6994000	1.5392E-21
6996000	1.5388E-21
6998000	1.5384E-21
7000000	1.5380E-21
7002000	1.5377E-21
7004000	1.5373E-21
7006000	1.5369E-21
7008000	1.5365E-21
7010000	1.5362E-21
7012000	1.5358E-21
7014000	1.5354E-21
7016000	1.5350E-21
7018000	1.5347E-21
7020000	1.5343E-21
7022000	1.5339E-21
7024000	1.5335E-21
7026000	1.5332E-21
7028000	1.5328E-21
7030000	1.5324E-21
7032000	1.5321E-21
7034000	1.5317E-21
7036000	1.5313E-21
7038000	1.5309E-21
7040000	1.5306E-21
7042000	1.5302E-21
7044000	1.5298E-21
7046000	1.5295E-21
7048000	1.5291E-21
7050000	1.5287E-21
7052000	1.5284E-21
7054000	1.5280E-21
7056000	1.5276E-21
7058000	1.5272E-21
7060000	1.5269E-21
7062000	1.5265E-21
7064000	1.5261E-21
7066000	1.5258E-21
7068000	1.5254E-21
7070000	1.5250E-21
7072000	1.5247E-21
7074000	1.5243E-21
7076000	1.5239E-21
7078000	1.5236E-21
7080000	1.5232E-21
7082000	1.5228E-21
7084000	1.5225E-21
7086000	1.5221E-21
7088000	1.5217E-21
7090000	1.5214E-21
7092000	1.5210E-21
7094000	1.5206E-21
7096000	1.5203E-21
7098000	1.5199E-21
7100000	1.5195E-21
7102000	1.5192E-21
7104000	1.5188E-21
7106000	1.5184E-21
7108000	1.5181E-21
7110000	1.5177E-21
7112000	1.5173E-21
7114000	1.5170E-21
7116000	1.5166E-21
7118000	1.5162E-21
7120000	1.5159E-21
7122000	1.5155E-21
7124000	1.5152E-21
7126000	1.5148E-21
7128000	1.5144E-21
7130000	1.5141E-21
7132000	1.5137E-21
7134000	1.5133E-21
7136000	1.5130E-21
7138000	1.5126E-21
7140000	1.5123E-21
7142000	1.5119E-21
7144000	1.5115E-21
7146000	1.5112E-21
7148000	1.5108E-21
7150000	1.5105E-21
7152000	1.5101E-21
7154000	1.5097E-21
7156000	1.5094E-21
7158000	1.5090E-21
7160000	1.5087E-21
7162000	1.5083E-21
7164000	1.5079E-21
7166000	1.5076E-21
7168000	1.5072E-21
7170000	1.5069E-21
7172000	1.5065E-21
7174000	1.5061E-21
7176000	1.5058E-21
7178000	1.5054E-21
7180000	1.5051E-21
7182000	1.5047E-21
7184000	1.5044E-21
7186000	1.5040E-21
7188000	1.5036E-21
7190000	1.5033E-21
7192000	1.5029E-21
7194000	1.5026E-21
7196000	1.5022E-21
7198000	1.5019E-21
7200000	1.5015E-21
7202000	1.5011E-21
7204000	1.5008E-21
7206000	1.5004E-21
7208000	1.5001E-21
7210000	1.4997E-21
7212000	1.4994E-21
7214000	1.4990E-21
7216000	1.4987E-21
7218000	1.4983E-21
7220000	1.4979E-21
7222000	1.4976E-21
7224000	1.4972E-21
7226000	1.4969E-21
7228000	1.4965E-21
7230000	1.4962E-21
7232000	1.4958E-21
7234000	1.4955E-21
7236000	1.4951E-21
7238000	1.4948E-21
7240000	1.4944E-21
7242000	1.4941E-21
7244000	1.4937E-21
7246000	1.4934E-21
7248000	1.4930E-21
7250000	1.4927E-21
7252000	1.4923E-21
7254000	1.4920E-21
7256000	1.4916E-21
7258000	1.4913E-21
7260000	1.4909E-21
7262000	1.4905E-21
7264000	1.4902E-21
7266000	1.4898E-21
7268000	1.4895E-21
7270000	1.4891E-21
7272000	1.4888E-21
7274000	1.4885E-21
7276000	1.4881E-21
7278000	1.4878E-21
7280000	1.4874E-21
7282000	1.4871E-21
7284000	1.4867E-21
7286000	1.4864E-21
7288000	1.4860E-21
7290000	1.4857E-21
7292000	1.4853E-21
7294000	1.4850E-21
7296000	1.4846E-21
7298000	1.4843E-21
7300000	1.4839E-21
7302000	1.4836E-21
7304000	1.4832E-21
7306000	1.4829E-21
7308000	1.4825E-21
7310000	1.4822E-21
7312000	1.4818E-21
7314000	1.4815E-21
7316000	1.4812E-21
7318000	1.4808E-21
7320000	1.4805E-21
7322000	1.4801E-21
7324000	1.4798E-21
7326000	1.4794E-21
7328000	1.4791E-21
7330000	1.4787E-21
7332000	1.4784E-21
7334000	1.4780E-21
7336000	1.4777E-21
7338000	1.4774E-21
7340000	1.4770E-21
7342000	1.4767E-21
7344000	1.4763E-21
7346000	1.4760E-21
7348000	1.4756E-21
7350000	1.4753E-21
7352000	1.4750E-21
7354000	1.4746E-21
7356000	1.4743E-21
7358000	1.4739E-21
7360000	1.4736E-21
7362000	1.4732E-21
7364000	1.4729E-21
7366000	1.4726E-21
7368000	1.4722E-21
7370000	1.4719E-21
7372000	1.4715E-21
7374000	1.4712E-21
7376000	1.4709E-21
7378000	1.4705E-21
7380000	1.4702E-21
7382000	1.4698E-21
7384000	1.4695E-21
7386000	1.4692E-21
7388000	1.4688E-21
7390000	1.4685E-21
7392000	1.4681E-21
7394000	1.4678E-21
7396000	1.4675E-21
7398000	1.4671E-21
7400000	1.4668E-21
7402000	1.4664E-21
7404000	1.4661E-21
7406000	1.4658E-21
7408000	1.4654E-21
7410000	1.4651E-21
7412000	1.4648E-21
7414000	1.4644E-21
7416000	1.4641E-21
7418000	1.4637E-21
7420000	1.4634E-21
7422000	1.4631E-21
7424000	1.4627E-21
7426000	1.4624E-21
7428000	1.4621E-21
7430000	1.4617E-21
7432000	1.4614E-21
7434000	1.4611E-21
7436000	1.4607E-21
7438000	1.4604E-21
7440000	1.4601E-21
7442000	1.4597E-21
7444000	1.4594E-21
7446000	1.4590E-21
7448000	1.4587E-21
7450000	1.4584E-21
7452000	1.4580E-21
7454000	1.4577E-21
7456000	1.4574E-21
7458000	1.4570E-21
7460000	1.4567E-21
7462000	1.4564E-21
7464000	1.4560E-21
7466000	1.4557E-21
7468000	1.4554E-21
7470000	1.4550E-21
7472000	1.4547E-21
7474000	1.4544E-21
7476000	1.4540E-21
7478000	1.4537E-21
7480000	1.4534E-21
7482000	1.4531E-21
7484000	1.4527E-21
7486000	1.4524E-21
7488000	1.4521E-21
7490000	1.4517E-21
7492000	1.4514E-21
7494000	1.4511E-21
7496000	1.4507E-21
7498000	1.4504E-21
7500000	1.4501E-21
7502000	1.4497E-21
7504000	1.4494E-21
7506000	1.4491E-21
7508000	1.4488E-21
7510000	1.4484E-21
7512000	1.4481E-21
7514000	1.4478E-21
7516000	1.4474E-21
7518000	1.4471E-21
7520000	1.4468E-21
7522000	1.4465E-21
7524000	1.4461E-21
7526000	1.4458E-21
7528000	1.4455E-21
7530000	1.4451E-21
7532000	1.4448E-21
7534000	1.4445E-21
7536000	1.4442E-21
7538000	1.4438E-21
7540000	1.4435E-21
7542000	1.4432E-21
7544000	1.4428E-21
7546000	1.4425E-21
7548000	1.4422E-21
7550000	1.4419E-21
7552000	1.4415E-21
7554000	1.4412E-21
7556000	1.4409E-21
7558000	1.4406E-21
7560000	1.4402E-21
7562000	1.4399E-21
7564000	1.4396E-21
7566000	1.4393E-21
7568000	1.4389E-21
7570000	1.4386E-21
7572000	1.4383E-21
7574000	1.4380E-21
7576000	1.4376E-21
7578000	1.4373E-21
7580000	1.4370E-21
7582000	1.4367E-21
7584000	1.4363E-21
7586000	1.4360E-21
7588000	1.4357E-21
7590000	1.4354E-21
7592000	1.4351E-21
7594000	1.4347E-21
7596000	1.4344E-21
7598000	1.4341E-21
7600000	1.4338E-21
7602000	1.4334E-21
7604000	1.4331E-21
7606000	1.4328E-21
7608000	1.4325E-21
7610000	1.4322E-21
7612000	1.4318E-21
7614000	1.4315E-21
7616000	1.4312E-21
7618000	1.4309E-21
7620000	1.4306E-21
7622000	1.4302E-21
7624000	1.4299E-21
7626000	1.4296E-21
7628000	1.4293E-21
7630000	1.4289E-21
7632000	1.4286E-21
7634000	1.4283E-21
7636000	1.4280E-21
7638000	1.4277E-21
7640000	1.4274E-21
7642000	1.4270E-21
7644000	1.4267E-21
7646000	1.4264E-21
7648000	1.4261E-21
7650000	1.4258E-21
7652000	1.4254E-21
7654000	1.4251E-21
7656000	1.4248E-21
7658000	1.4245E-21
7660000	1.4242E-21
7662000	1.4239E-21
7664000	1.4235E-21
7666000	1.4232E-21
7668000	1.4229E-21
7670000	1.4226E-21
7672000	1.4223E-21
7674000	1.4219E-21
7676000	1.4216E-21
7678000	1.4213E-21
7680000	1.4210E-21
7682000	1.4207E-21
7684000	1.4204E-21
7686000	1.4201E-21
7688000	1.4197E-21
7690000	1.4194E-21
7692000	1.4191E-21
7694000	1.4188E-21
7696000	1.4185E-21
7698000	1.4182E-21
7700000	1.4178E-21
7702000	1.4175E-21
7704000	1.4172E-21
7706000	1.4169E-21
7708000	1.4166E-21
7710000	1.4163E-21
7712000	1.4160E-21
7714000	1.4156E-21
7716000	1.4153E-21
7718000	1.4150E-21
7720000	1.4147E-21
7722000	1.4144E-21
7724000	1.4141E-21
7726000	1.4138E-21
7728000	1.4135E-21
7730000	1.4131E-21
7732000	1.4128E-21
7734000	1.4125E-21
7736000	1.4122E-21
7738000	1.4119E-21
7740000	1.4116E-21
7742000	1.4113E-21
7744000	1.4110E-21
7746000	1.4107E-21
7748000	1.4103E-21
7750000	1.4100E-21
7752000	1.4097E-21
7754000	1.4094E-21
7756000	1.4091E-21
7758000	1.4088E-21
7760000	1.4085E-21
7762000	1.4082E-21
7764000	1.4079E-21
7766000	1.4075E-21
7768000	1.4072E-21
7770000	1.4069E-21
7772000	1.4066E-21
7774000	1.4063E-21
7776000	1.4060E-21
7778000	1.4057E-21
7780000	1.4054E-21
7782000	1.4051E-21
7784000	1.4048E-21
7786000	1.4045E-21
7788000	1.4042E-21
7790000	1.4038E-21
7792000	1.4035E-21
7794000	1.4032E-21
7796000	1.4029E-21
7798000	1.4026E-21
7800000	1.4023E-21
7802000	1.4020E-21
7804000	1.4017E-21
7806000	1.4014E-21
7808000	1.4011E-21
7810000	1.4008E-21
7812000	1.4005E-21
7814000	1.4002E-21
7816000	1.3999E-21
7818000	1.3995E-21
7820000	1.3992E-21
7822000	1.3989E-21
7824000	1.3986E-21
7826000	1.3983E-21
7828000	1.3980E-21
7830000	1.3977E-21
7832000	1.3974E-21
7834000	1.3971E-21
7836000	1.3968E-21
7838000	1.3965E-21
7840000	1.3962E-21
7842000	1.3959E-21
7844000	1.3956E-21
7846000	1.3953E-21
7848000	1.3950E-21
7850000	1.3947E-21
7852000	1.3944E-21
7854000	1.3941E-21
7856000	1.3938E-21
7858000	1.3935E-21
7860000	1.3932E-21
7862000	1.3929E-21
7864000	1.3926E-21
7866000	1.3922E-21
7868000	1.3919E-21
7870000	1.3916E-21
7872000	1.3913E-21
7874000	1.3910E-21
7876000	1.3907E-21
7878000	1.3904E-21
7880000	1.3901E-21
7882000	1.3898E-21
7884000	1.3895E-21
7886000	1.3892E-21
7888000	1.3889E-21
7890000	1.3886E-21
7892000	1.3883E-21
7894000	1.3880E-21
7896000	1.3877E-21
7898000	1.3874E-21
7900000	1.3871E-21
7902000	1.3868E-21
7904000	1.3865E-21
7906000	1.3862E-21
7908000	1.3859E-21
7910000	1.3856E-21
7912000	1.3853E-21
7914000	1.3850E-21
7916000	1.3847E-21
7918000	1.3844E-21
7920000	1.3841E-21
7922000	1.3838E-21
7924000	1.3835E-21
7926000	1.3832E-21
7928000	1.3829E-21
7930000	1.3826E-21
7932000	1.3823E-21
7934000	1.3820E-21
7936000	1.3818E-21
7938000	1.3815E-21
7940000	1.3812E-21
7942000	1.3809E-21
7944000	1.3806E-21
7946000	1.3803E-21
7948000	1.3800E-21
7950000	1.3797E-21
7952000	1.3794E-21
7954000	1.3791E-21
7956000	1.3788E-21
7958000	1.3785E-21
7960000	1.3782E-21
7962000	1.3779E-21
7964000	1.3776E-21
7966000	1.3773E-21
7968000	1.3770E-21
7970000	1.3767E-21
7972000	1.3764E-21
7974000	1.3761E-21
7976000	1.3758E-21
7978000	1.3755E-21
7980000	1.3752E-21
7982000	1.3749E-21
7984000	1.3747E-21
7986000	1.3744E-21
7988000	1.3741E-21
7990000	1.3738E-21
7992000	1.3735E-21
7994000	1.3732E-21
7996000	1.3729E-21
7998000	1.3726E-21
8000000	1.3723E-21
