0	0.0000E+00
2000	7.8294E-22
4000	1.8420E-21
6000	3.0235E-21
8000	4.2735E-21
10000	5.5563E-21
12000	6.8436E-21
14000	8.1122E-21
16000	9.3429E-21
18000	1.0520E-20
20000	1.1631E-20
22000	1.2666E-20
24000	1.3620E-20
26000	1.4489E-20
28000	1.5271E-20
30000	1.5968E-20
32000	1.6581E-20
34000	1.7113E-20
36000	1.7569E-20
38000	1.7955E-20
40000	1.8274E-20
42000	1.8532E-20
44000	1.8735E-20
46000	1.8888E-20
48000	1.8996E-20
50000	1.9063E-20
52000	1.9095E-20
54000	1.9095E-20
56000	1.9067E-20
58000	1.9014E-20
60000	1.8940E-20
62000	1.8848E-20
64000	1.8739E-20
66000	1.8617E-20
68000	1.8484E-20
70000	1.8340E-20
72000	1.8188E-20
74000	1.8030E-20
76000	1.7865E-20
78000	1.7697E-20
80000	1.7525E-20
82000	1.7350E-20
84000	1.7173E-20
86000	1.6996E-20
88000	1.6817E-20
90000	1.6639E-20
92000	1.6460E-20
94000	1.6283E-20
96000	1.6106E-20
98000	1.5930E-20
100000	1.5756E-20
102000	1.5584E-20
104000	1.5413E-20
106000	1.5245E-20
108000	1.5078E-20
110000	1.4914E-20
112000	1.4751E-20
114000	1.4592E-20
116000	1.4434E-20
118000	1.4279E-20
120000	1.4126E-20
122000	1.3976E-20
124000	1.3828E-20
126000	1.3682E-20
128000	1.3539E-20
130000	1.3398E-20
132000	1.3260E-20
134000	1.3124E-20
136000	1.2990E-20
138000	1.2859E-20
140000	1.2730E-20
142000	1.2603E-20
144000	1.2478E-20
146000	1.2356E-20
148000	1.2235E-20
150000	1.2117E-20
152000	1.2001E-20
154000	1.1886E-20
156000	1.1774E-20
158000	1.1664E-20
160000	1.1555E-20
162000	1.1449E-20
164000	1.1344E-20
166000	1.1241E-20
168000	1.1140E-20
170000	1.1040E-20
172000	1.0942E-20
174000	1.0846E-20
176000	1.0751E-20
178000	1.0658E-20
180000	1.0567E-20
182000	1.0477E-20
184000	1.0388E-20
186000	1.0301E-20
188000	1.0215E-20
190000	1.0131E-20
192000	1.0048E-20
194000	9.9665E-21
196000	9.8862E-21
198000	9.8071E-21
200000	9.7292E-21
202000	9.6526E-21
204000	9.5772E-21
206000	9.5029E-21
208000	9.4298E-21
210000	9.3577E-21
212000	9.2868E-21
214000	9.2169E-21
216000	9.1481E-21
218000	9.0803E-21
220000	9.0135E-21
222000	8.9477E-21
224000	8.8828E-21
226000	8.8189E-21
228000	8.7559E-21
230000	8.6938E-21
232000	8.6326E-21
234000	8.5722E-21
236000	8.5127E-21
238000	8.4540E-21
240000	8.3962E-21
242000	8.3391E-21
244000	8.2828E-21
246000	8.2273E-21
248000	8.1725E-21
250000	8.1185E-21
252000	8.0652E-21
254000	8.0126E-21
256000	7.9607E-21
258000	7.9095E-21
260000	7.8590E-21
262000	7.8091E-21
264000	7.7599E-21
266000	7.7113E-21
268000	7.6633E-21
270000	7.6159E-21
272000	7.5691E-21
274000	7.5229E-21
276000	7.4773E-21
278000	7.4322E-21
280000	7.3877E-21
282000	7.3438E-21
284000	7.3004E-21
286000	7.2575E-21
288000	7.2151E-21
290000	7.1732E-21
292000	7.1319E-21
294000	7.0910E-21
296000	7.0506E-21
298000	7.0106E-21
300000	6.9712E-21
302000	6.9322E-21
304000	6.8936E-21
306000	6.8555E-21
308000	6.8178E-21
310000	6.7806E-21
312000	6.7437E-21
314000	6.7073E-21
316000	6.6713E-21
318000	6.6357E-21
320000	6.6004E-21
322000	6.5656E-21
324000	6.5311E-21
326000	6.4970E-21
328000	6.4633E-21
330000	6.4300E-21
332000	6.3970E-21
334000	6.3643E-21
336000	6.3320E-21
338000	6.3000E-21
340000	6.2684E-21
342000	6.2371E-21
344000	6.2061E-21
346000	6.1754E-21
348000	6.1451E-21
350000	6.1150E-21
352000	6.0853E-21
354000	6.0559E-21
356000	6.0267E-21
358000	5.9979E-21
360000	5.9693E-21
362000	5.9410E-21
364000	5.9130E-21
366000	5.8853E-21
368000	5.8578E-21
370000	5.8306E-21
372000	5.8037E-21
374000	5.7770E-21
376000	5.7506E-21
378000	5.7245E-21
380000	5.6985E-21
382000	5.6729E-21
384000	5.6474E-21
386000	5.6222E-21
388000	5.5973E-21
390000	5.5725E-21
392000	5.5480E-21
394000	5.5237E-21
396000	5.4997E-21
398000	5.4758E-21
400000	5.4522E-21
402000	5.4288E-21
404000	5.4056E-21
406000	5.3826E-21
408000	5.3598E-21
410000	5.3372E-21
412000	5.3148E-21
414000	5.2926E-21
416000	5.2706E-21
418000	5.2488E-21
420000	5.2271E-21
422000	5.2057E-21
424000	5.1844E-21
426000	5.1634E-21
428000	5.1425E-21
430000	5.1218E-21
432000	5.1012E-21
434000	5.0808E-21
436000	5.0606E-21
438000	5.0406E-21
440000	5.0207E-21
442000	5.0010E-21
444000	4.9815E-21
446000	4.9621E-21
448000	4.9428E-21
450000	4.9238E-21
452000	4.9048E-21
454000	4.8861E-21
456000	4.8675E-21
458000	4.8490E-21
460000	4.8307E-21
462000	4.8125E-21
464000	4.7945E-21
466000	4.7766E-21
468000	4.7588E-21
470000	4.7412E-21
472000	4.7237E-21
474000	4.7064E-21
476000	4.6892E-21
478000	4.6721E-21
480000	4.6551E-21
482000	4.6383E-21
484000	4.6216E-21
486000	4.6050E-21
488000	4.5886E-21
490000	4.5723E-21
492000	4.5561E-21
494000	4.5400E-21
496000	4.5240E-21
498000	4.5082E-21
500000	4.4925E-21
502000	4.4768E-21
504000	4.4613E-21
506000	4.4460E-21
508000	4.4307E-21
510000	4.4155E-21
512000	4.4005E-21
514000	4.3855E-21
516000	4.3707E-21
518000	4.3559E-21
520000	4.3413E-21
522000	4.3268E-21
524000	4.3123E-21
526000	4.2980E-21
528000	4.2838E-21
530000	4.2696E-21
532000	4.2556E-21
534000	4.2417E-21
536000	4.2278E-21
538000	4.2141E-21
540000	4.2004E-21
542000	4.1869E-21
544000	4.1734E-21
546000	4.1600E-21
548000	4.1468E-21
550000	4.1336E-21
552000	4.1205E-21
554000	4.1074E-21
556000	4.0945E-21
558000	4.0816E-21
560000	4.0689E-21
562000	4.0562E-21
564000	4.0436E-21
566000	4.0311E-21
568000	4.0186E-21
570000	4.0063E-21
572000	3.9940E-21
574000	3.9818E-21
576000	3.9697E-21
578000	3.9577E-21
580000	3.9457E-21
582000	3.9338E-21
584000	3.9220E-21
586000	3.9103E-21
588000	3.8986E-21
590000	3.8870E-21
592000	3.8755E-21
594000	3.8640E-21
596000	3.8527E-21
598000	3.8413E-21
600000	3.8301E-21
602000	3.8189E-21
604000	3.8078E-21
606000	3.7968E-21
608000	3.7858E-21
610000	3.7749E-21
612000	3.7641E-21
614000	3.7533E-21
616000	3.7426E-21
618000	3.7320E-21
620000	3.7214E-21
622000	3.7109E-21
624000	3.7005E-21
626000	3.6901E-21
628000	3.6798E-21
630000	3.6695E-21
632000	3.6593E-21
634000	3.6491E-21
636000	3.6390E-21
638000	3.6290E-21
640000	3.6190E-21
642000	3.6091E-21
644000	3.5993E-21
646000	3.5895E-21
648000	3.5797E-21
650000	3.5700E-21
652000	3.5604E-21
654000	3.5508E-21
656000	3.5413E-21
658000	3.5318E-21
660000	3.5224E-21
662000	3.5131E-21
664000	3.5037E-21
666000	3.4945E-21
668000	3.4853E-21
670000	3.4761E-21
672000	3.4670E-21
674000	3.4580E-21
676000	3.4489E-21
678000	3.4400E-21
680000	3.4311E-21
682000	3.4222E-21
684000	3.4134E-21
686000	3.4046E-21
688000	3.3959E-21
690000	3.3873E-21
692000	3.3786E-21
694000	3.3701E-21
696000	3.3615E-21
698000	3.3530E-21
700000	3.3446E-21
702000	3.3362E-21
704000	3.3278E-21
706000	3.3195E-21
708000	3.3113E-21
710000	3.3030E-21
712000	3.2949E-21
714000	3.2867E-21
716000	3.2786E-21
718000	3.2706E-21
720000	3.2626E-21
722000	3.2546E-21
724000	3.2467E-21
726000	3.2388E-21
728000	3.2309E-21
730000	3.2231E-21
732000	3.2154E-21
734000	3.2076E-21
736000	3.1999E-21
738000	3.1923E-21
740000	3.1847E-21
742000	3.1771E-21
744000	3.1696E-21
746000	3.1621E-21
748000	3.1546E-21
750000	3.1472E-21
752000	3.1398E-21
754000	3.1324E-21
756000	3.1251E-21
758000	3.1179E-21
760000	3.1106E-21
762000	3.1034E-21
764000	3.0962E-21
766000	3.0891E-21
768000	3.0820E-21
770000	3.0749E-21
772000	3.0679E-21
774000	3.0609E-21
776000	3.0539E-21
778000	3.0470E-21
780000	3.0401E-21
782000	3.0332E-21
784000	3.0264E-21
786000	3.0196E-21
788000	3.0128E-21
790000	3.0061E-21
792000	2.9994E-21
794000	2.9927E-21
796000	2.9860E-21
798000	2.9794E-21
800000	2.9728E-21
802000	2.9663E-21
804000	2.9598E-21
806000	2.9533E-21
808000	2.9468E-21
810000	2.9404E-21
812000	2.9340E-21
814000	2.9276E-21
816000	2.9213E-21
818000	2.9149E-21
820000	2.9087E-21
822000	2.9024E-21
824000	2.8962E-21
826000	2.8900E-21
828000	2.8838E-21
830000	2.8777E-21
832000	2.8715E-21
834000	2.8654E-21
836000	2.8594E-21
838000	2.8533E-21
840000	2.8473E-21
842000	2.8414E-21
844000	2.8354E-21
846000	2.8295E-21
848000	2.8236E-21
850000	2.8177E-21
852000	2.8118E-21
854000	2.8060E-21
856000	2.8002E-21
858000	2.7944E-21
860000	2.7887E-21
862000	2.7829E-21
864000	2.7772E-21
866000	2.7716E-21
868000	2.7659E-21
870000	2.7603E-21
872000	2.7547E-21
874000	2.7491E-21
876000	2.7435E-21
878000	2.7380E-21
880000	2.7325E-21
882000	2.7270E-21
884000	2.7216E-21
886000	2.7161E-21
888000	2.7107E-21
890000	2.7053E-21
892000	2.6999E-21
894000	2.6946E-21
896000	2.6893E-21
898000	2.6840E-21
900000	2.6787E-21
902000	2.6734E-21
904000	2.6682E-21
906000	2.6630E-21
908000	2.6578E-21
910000	2.6526E-21
912000	2.6474E-21
914000	2.6423E-21
916000	2.6372E-21
918000	2.6321E-21
920000	2.6270E-21
922000	2.6220E-21
924000	2.6169E-21
926000	2.6119E-21
928000	2.6069E-21
930000	2.6020E-21
932000	2.5970E-21
934000	2.5921E-21
936000	2.5872E-21
938000	2.5823E-21
940000	2.5774E-21
942000	2.5726E-21
944000	2.5678E-21
946000	2.5629E-21
948000	2.5581E-21
950000	2.5534E-21
952000	2.5486E-21
954000	2.5439E-21
956000	2.5392E-21
958000	2.5345E-21
960000	2.5298E-21
962000	2.5251E-21
964000	2.5205E-21
966000	2.5158E-21
968000	2.5112E-21
970000	2.5066E-21
972000	2.5021E-21
974000	2.4975E-21
976000	2.4930E-21
978000	2.4884E-21
980000	2.4839E-21
982000	2.4795E-21
984000	2.4750E-21
986000	2.4705E-21
988000	2.4661E-21
990000	2.4617E-21
992000	2.4573E-21
994000	2.4529E-21
996000	2.4485E-21
998000	2.4442E-21
1000000	2.4398E-21
1002000	2.4355E-21
1004000	2.4312E-21
1006000	2.4269E-21
1008000	2.4226E-21
1010000	2.4184E-21
1012000	2.4141E-21
1014000	2.4099E-21
1016000	2.4057E-21
1018000	2.4015E-21
1020000	2.3973E-21
1022000	2.3932E-21
1024000	2.3890E-21
1026000	2.3849E-21
1028000	2.3808E-21
1030000	2.3767E-21
1032000	2.3726E-21
1034000	2.3685E-21
1036000	2.3644E-21
1038000	2.3604E-21
1040000	2.3564E-21
1042000	2.3524E-21
1044000	2.3483E-21
1046000	2.3444E-21
1048000	2.3404E-21
1050000	2.3364E-21
1052000	2.3325E-21
1054000	2.3286E-21
1056000	2.3246E-21
1058000	2.3207E-21
1060000	2.3169E-21
1062000	2.3130E-21
1064000	2.3091E-21
1066000	2.3053E-21
1068000	2.3014E-21
1070000	2.2976E-21
1072000	2.2938E-21
1074000	2.2900E-21
1076000	2.2862E-21
1078000	2.2825E-21
1080000	2.2787E-21
1082000	2.2750E-21
1084000	2.2712E-21
1086000	2.2675E-21
1088000	2.2638E-21
1090000	2.2601E-21
1092000	2.2565E-21
1094000	2.2528E-21
1096000	2.2491E-21
1098000	2.2455E-21
1100000	2.2419E-21
1102000	2.2382E-21
1104000	2.2346E-21
1106000	2.2311E-21
1108000	2.2275E-21
1110000	2.2239E-21
1112000	2.2204E-21
1114000	2.2168E-21
1116000	2.2133E-21
1118000	2.2098E-21
1120000	2.2063E-21
1122000	2.2028E-21
1124000	2.1993E-21
1126000	2.1958E-21
1128000	2.1923E-21
1130000	2.1889E-21
1132000	2.1855E-21
1134000	2.1820E-21
1136000	2.1786E-21
1138000	2.1752E-21
1140000	2.1718E-21
1142000	2.1684E-21
1144000	2.1651E-21
1146000	2.1617E-21
1148000	2.1584E-21
1150000	2.1550E-21
1152000	2.1517E-21
1154000	2.1484E-21
1156000	2.1451E-21
1158000	2.1418E-21
1160000	2.1385E-21
1162000	2.1352E-21
1164000	2.1320E-21
1166000	2.1287E-21
1168000	2.1255E-21
1170000	2.1222E-21
1172000	2.1190E-21
1174000	2.1158E-21
1176000	2.1126E-21
1178000	2.1094E-21
1180000	2.1062E-21
1182000	2.1031E-21
1184000	2.0999E-21
1186000	2.0968E-21
1188000	2.0936E-21
1190000	2.0905E-21
1192000	2.0874E-21
1194000	2.0843E-21
1196000	2.0812E-21
1198000	2.0781E-21
1200000	2.0750E-21
1202000	2.0719E-21
1204000	2.0689E-21
1206000	2.0658E-21
1208000	2.0628E-21
1210000	2.0597E-21
1212000	2.0567E-21
1214000	2.0537E-21
1216000	2.0507E-21
1218000	2.0477E-21
1220000	2.0447E-21
1222000	2.0417E-21
1224000	2.0388E-21
1226000	2.0358E-21
1228000	2.0328E-21
1230000	2.0299E-21
1232000	2.0270E-21
1234000	2.0240E-21
1236000	2.0211E-21
1238000	2.0182E-21
1240000	2.0153E-21
1242000	2.0124E-21
1244000	2.0096E-21
1246000	2.0067E-21
1248000	2.0038E-21
1250000	2.0010E-21
1252000	1.9981E-21
1254000	1.9953E-21
1256000	1.9925E-21
1258000	1.9896E-21
1260000	1.9868E-21
1262000	1.9840E-21
1264000	1.9812E-21
1266000	1.9785E-21
1268000	1.9757E-21
1270000	1.9729E-21
1272000	1.9701E-21
1274000	1.9674E-21
1276000	1.9646E-21
1278000	1.9619E-21
1280000	1.9592E-21
1282000	1.9565E-21
1284000	1.9537E-21
1286000	1.9510E-21
1288000	1.9483E-21
1290000	1.9456E-21
1292000	1.9430E-21
1294000	1.9403E-21
1296000	1.9376E-21
1298000	1.9350E-21
1300000	1.9323E-21
1302000	1.9297E-21
1304000	1.9270E-21
1306000	1.9244E-21
1308000	1.9218E-21
1310000	1.9192E-21
1312000	1.9166E-21
1314000	1.9140E-21
1316000	1.9114E-21
1318000	1.9088E-21
1320000	1.9062E-21
1322000	1.9037E-21
1324000	1.9011E-21
1326000	1.8985E-21
1328000	1.8960E-21
1330000	1.8935E-21
1332000	1.8909E-21
1334000	1.8884E-21
1336000	1.8859E-21
1338000	1.8834E-21
1340000	1.8809E-21
1342000	1.8784E-21
1344000	1.8759E-21
1346000	1.8734E-21
1348000	1.8709E-21
1350000	1.8684E-21
1352000	1.8660E-21
1354000	1.8635E-21
1356000	1.8611E-21
1358000	1.8586E-21
1360000	1.8562E-21
1362000	1.8538E-21
1364000	1.8514E-21
1366000	1.8489E-21
1368000	1.8465E-21
1370000	1.8441E-21
1372000	1.8417E-21
1374000	1.8393E-21
1376000	1.8370E-21
1378000	1.8346E-21
1380000	1.8322E-21
1382000	1.8299E-21
1384000	1.8275E-21
1386000	1.8251E-21
1388000	1.8228E-21
1390000	1.8205E-21
1392000	1.8181E-21
1394000	1.8158E-21
1396000	1.8135E-21
1398000	1.8112E-21
1400000	1.8089E-21
1402000	1.8066E-21
1404000	1.8043E-21
1406000	1.8020E-21
1408000	1.7997E-21
1410000	1.7974E-21
1412000	1.7952E-21
1414000	1.7929E-21
1416000	1.7906E-21
1418000	1.7884E-21
1420000	1.7861E-21
1422000	1.7839E-21
1424000	1.7817E-21
1426000	1.7794E-21
1428000	1.7772E-21
1430000	1.7750E-21
1432000	1.7728E-21
1434000	1.7706E-21
1436000	1.7684E-21
1438000	1.7662E-21
1440000	1.7640E-21
1442000	1.7618E-21
1444000	1.7597E-21
1446000	1.7575E-21
1448000	1.7553E-21
1450000	1.7532E-21
1452000	1.7510E-21
1454000	1.7489E-21
1456000	1.7467E-21
1458000	1.7446E-21
1460000	1.7425E-21
1462000	1.7403E-21
1464000	1.7382E-21
1466000	1.7361E-21
1468000	1.7340E-21
1470000	1.7319E-21
1472000	1.7298E-21
1474000	1.7277E-21
1476000	1.7256E-21
1478000	1.7235E-21
1480000	1.7214E-21
1482000	1.7194E-21
1484000	1.7173E-21
1486000	1.7152E-21
1488000	1.7132E-21
1490000	1.7111E-21
1492000	1.7091E-21
1494000	1.7070E-21
1496000	1.7050E-21
1498000	1.7030E-21
1500000	1.7010E-21
1502000	1.6989E-21
1504000	1.6969E-21
1506000	1.6949E-21
1508000	1.6929E-21
1510000	1.6909E-21
1512000	1.6889E-21
1514000	1.6869E-21
1516000	1.6849E-21
1518000	1.6830E-21
1520000	1.6810E-21
1522000	1.6790E-21
1524000	1.6770E-21
1526000	1.6751E-21
1528000	1.6731E-21
1530000	1.6712E-21
1532000	1.6692E-21
1534000	1.6673E-21
1536000	1.6653E-21
1538000	1.6634E-21
1540000	1.6615E-21
1542000	1.6596E-21
1544000	1.6576E-21
1546000	1.6557E-21
1548000	1.6538E-21
1550000	1.6519E-21
1552000	1.6500E-21
1554000	1.6481E-21
1556000	1.6462E-21
1558000	1.6444E-21
1560000	1.6425E-21
1562000	1.6406E-21
1564000	1.6387E-21
1566000	1.6369E-21
1568000	1.6350E-21
1570000	1.6331E-21
1572000	1.6313E-21
1574000	1.6294E-21
1576000	1.6276E-21
1578000	1.6257E-21
1580000	1.6239E-21
1582000	1.6221E-21
1584000	1.6202E-21
1586000	1.6184E-21
1588000	1.6166E-21
1590000	1.6148E-21
1592000	1.6130E-21
1594000	1.6112E-21
1596000	1.6094E-21
1598000	1.6076E-21
1600000	1.6058E-21
1602000	1.6040E-21
1604000	1.6022E-21
1606000	1.6004E-21
1608000	1.5986E-21
1610000	1.5969E-21
1612000	1.5951E-21
1614000	1.5933E-21
1616000	1.5916E-21
1618000	1.5898E-21
1620000	1.5881E-21
1622000	1.5863E-21
1624000	1.5846E-21
1626000	1.5828E-21
1628000	1.5811E-21
1630000	1.5794E-21
1632000	1.5776E-21
1634000	1.5759E-21
1636000	1.5742E-21
1638000	1.5725E-21
1640000	1.5708E-21
1642000	1.5691E-21
1644000	1.5674E-21
1646000	1.5657E-21
1648000	1.5640E-21
1650000	1.5623E-21
1652000	1.5606E-21
1654000	1.5589E-21
1656000	1.5572E-21
1658000	1.5555E-21
1660000	1.5539E-21
1662000	1.5522E-21
1664000	1.5505E-21
1666000	1.5489E-21
1668000	1.5472E-21
1670000	1.5456E-21
1672000	1.5439E-21
1674000	1.5423E-21
1676000	1.5406E-21
1678000	1.5390E-21
1680000	1.5373E-21
1682000	1.5357E-21
1684000	1.5341E-21
1686000	1.5324E-21
1688000	1.5308E-21
1690000	1.5292E-21
1692000	1.5276E-21
1694000	1.5260E-21
1696000	1.5244E-21
1698000	1.5228E-21
1700000	1.5212E-21
1702000	1.5196E-21
1704000	1.5180E-21
1706000	1.5164E-21
1708000	1.5148E-21
1710000	1.5132E-21
1712000	1.5116E-21
1714000	1.5101E-21
1716000	1.5085E-21
1718000	1.5069E-21
1720000	1.5054E-21
1722000	1.5038E-21
1724000	1.5022E-21
1726000	1.5007E-21
1728000	1.4991E-21
1730000	1.4976E-21
1732000	1.4960E-21
1734000	1.4945E-21
1736000	1.4930E-21
1738000	1.4914E-21
1740000	1.4899E-21
1742000	1.4884E-21
1744000	1.4868E-21
1746000	1.4853E-21
1748000	1.4838E-21
1750000	1.4823E-21
1752000	1.4808E-21
1754000	1.4793E-21
1756000	1.4778E-21
1758000	1.4763E-21
1760000	1.4748E-21
1762000	1.4733E-21
1764000	1.4718E-21
1766000	1.4703E-21
1768000	1.4688E-21
1770000	1.4673E-21
1772000	1.4658E-21
1774000	1.4644E-21
1776000	1.4629E-21
1778000	1.4614E-21
1780000	1.4600E-21
1782000	1.4585E-21
1784000	1.4570E-21
1786000	1.4556E-21
1788000	1.4541E-21
1790000	1.4527E-21
1792000	1.4512E-21
1794000	1.4498E-21
1796000	1.4483E-21
1798000	1.4469E-21
1800000	1.4455E-21
1802000	1.4440E-21
1804000	1.4426E-21
1806000	1.4412E-21
1808000	1.4397E-21
1810000	1.4383E-21
1812000	1.4369E-21
1814000	1.4355E-21
1816000	1.4341E-21
1818000	1.4327E-21
1820000	1.4313E-21
1822000	1.4298E-21
1824000	1.4284E-21
1826000	1.4270E-21
1828000	1.4257E-21
1830000	1.4243E-21
1832000	1.4229E-21
1834000	1.4215E-21
1836000	1.4201E-21
1838000	1.4187E-21
1840000	1.4173E-21
1842000	1.4160E-21
1844000	1.4146E-21
1846000	1.4132E-21
1848000	1.4119E-21
1850000	1.4105E-21
1852000	1.4091E-21
1854000	1.4078E-21
1856000	1.4064E-21
1858000	1.4051E-21
1860000	1.4037E-21
1862000	1.4024E-21
1864000	1.4010E-21
1866000	1.3997E-21
1868000	1.3983E-21
1870000	1.3970E-21
1872000	1.3957E-21
1874000	1.3943E-21
1876000	1.3930E-21
1878000	1.3917E-21
1880000	1.3904E-21
1882000	1.3890E-21
1884000	1.3877E-21
1886000	1.3864E-21
1888000	1.3851E-21
1890000	1.3838E-21
1892000	1.3825E-21
1894000	1.3812E-21
1896000	1.3799E-21
1898000	1.3786E-21
1900000	1.3773E-21
1902000	1.3760E-21
1904000	1.3747E-21
1906000	1.3734E-21
1908000	1.3721E-21
1910000	1.3708E-21
1912000	1.3695E-21
1914000	1.3683E-21
1916000	1.3670E-21
1918000	1.3657E-21
1920000	1.3644E-21
1922000	1.3632E-21
1924000	1.3619E-21
1926000	1.3606E-21
1928000	1.3594E-21
1930000	1.3581E-21
1932000	1.3568E-21
1934000	1.3556E-21
1936000	1.3543E-21
1938000	1.3531E-21
1940000	1.3518E-21
1942000	1.3506E-21
1944000	1.3494E-21
1946000	1.3481E-21
1948000	1.3469E-21
1950000	1.3456E-21
1952000	1.3444E-21
1954000	1.3432E-21
1956000	1.3420E-21
1958000	1.3407E-21
1960000	1.3395E-21
1962000	1.3383E-21
1964000	1.3371E-21
1966000	1.3358E-21
1968000	1.3346E-21
1970000	1.3334E-21
1972000	1.3322E-21
1974000	1.3310E-21
1976000	1.3298E-21
1978000	1.3286E-21
1980000	1.3274E-21
1982000	1.3262E-21
1984000	1.3250E-21
1986000	1.3238E-21
1988000	1.3226E-21
1990000	1.3214E-21
1992000	1.3202E-21
1994000	1.3191E-21
1996000	1.3179E-21
1998000	1.3167E-21
2000000	1.3155E-21
2002000	1.3143E-21
2004000	1.3132E-21
2006000	1.3120E-21
2008000	1.3108E-21
2010000	1.3097E-21
2012000	1.3085E-21
2014000	1.3073E-21
2016000	1.3062E-21
2018000	1.3050E-21
2020000	1.3039E-21
2022000	1.3027E-21
2024000	1.3016E-21
2026000	1.3004E-21
2028000	1.2993E-21
2030000	1.2981E-21
2032000	1.2970E-21
2034000	1.2958E-21
2036000	1.2947E-21
2038000	1.2936E-21
2040000	1.2924E-21
2042000	1.2913E-21
2044000	1.2902E-21
2046000	1.2890E-21
2048000	1.2879E-21
2050000	1.2868E-21
2052000	1.2857E-21
2054000	1.2845E-21
2056000	1.2834E-21
2058000	1.2823E-21
2060000	1.2812E-21
2062000	1.2801E-21
2064000	1.2790E-21
2066000	1.2779E-21
2068000	1.2768E-21
2070000	1.2757E-21
2072000	1.2746E-21
2074000	1.2735E-21
2076000	1.2724E-21
2078000	1.2713E-21
2080000	1.2702E-21
2082000	1.2691E-21
2084000	1.2680E-21
2086000	1.2669E-21
2088000	1.2658E-21
2090000	1.2647E-21
2092000	1.2636E-21
2094000	1.2626E-21
2096000	1.2615E-21
2098000	1.2604E-21
2100000	1.2593E-21
2102000	1.2583E-21
2104000	1.2572E-21
2106000	1.2561E-21
2108000	1.2551E-21
2110000	1.2540E-21
2112000	1.2529E-21
2114000	1.2519E-21
2116000	1.2508E-21
2118000	1.2498E-21
2120000	1.2487E-21
2122000	1.2476E-21
2124000	1.2466E-21
2126000	1.2455E-21
2128000	1.2445E-21
2130000	1.2435E-21
2132000	1.2424E-21
2134000	1.2414E-21
2136000	1.2403E-21
2138000	1.2393E-21
2140000	1.2383E-21
2142000	1.2372E-21
2144000	1.2362E-21
2146000	1.2352E-21
2148000	1.2341E-21
2150000	1.2331E-21
2152000	1.2321E-21
2154000	1.2310E-21
2156000	1.2300E-21
2158000	1.2290E-21
2160000	1.2280E-21
2162000	1.2270E-21
2164000	1.2260E-21
2166000	1.2249E-21
2168000	1.2239E-21
2170000	1.2229E-21
2172000	1.2219E-21
2174000	1.2209E-21
2176000	1.2199E-21
2178000	1.2189E-21
2180000	1.2179E-21
2182000	1.2169E-21
2184000	1.2159E-21
2186000	1.2149E-21
2188000	1.2139E-21
2190000	1.2129E-21
2192000	1.2119E-21
2194000	1.2109E-21
2196000	1.2100E-21
2198000	1.2090E-21
2200000	1.2080E-21
2202000	1.2070E-21
2204000	1.2060E-21
2206000	1.2050E-21
2208000	1.2041E-21
2210000	1.2031E-21
2212000	1.2021E-21
2214000	1.2011E-21
2216000	1.2002E-21
2218000	1.1992E-21
2220000	1.1982E-21
2222000	1.1973E-21
2224000	1.1963E-21
2226000	1.1953E-21
2228000	1.1944E-21
2230000	1.1934E-21
2232000	1.1925E-21
2234000	1.1915E-21
2236000	1.1906E-21
2238000	1.1896E-21
2240000	1.1887E-21
2242000	1.1877E-21
2244000	1.1868E-21
2246000	1.1858E-21
2248000	1.1849E-21
2250000	1.1839E-21
2252000	1.1830E-21
2254000	1.1820E-21
2256000	1.1811E-21
2258000	1.1802E-21
2260000	1.1792E-21
2262000	1.1783E-21
2264000	1.1774E-21
2266000	1.1764E-21
2268000	1.1755E-21
2270000	1.1746E-21
2272000	1.1737E-21
2274000	1.1727E-21
2276000	1.1718E-21
2278000	1.1709E-21
2280000	1.1700E-21
2282000	1.1690E-21
2284000	1.1681E-21
2286000	1.1672E-21
2288000	1.1663E-21
2290000	1.1654E-21
2292000	1.1645E-21
2294000	1.1636E-21
2296000	1.1627E-21
2298000	1.1618E-21
2300000	1.1609E-21
2302000	1.1600E-21
2304000	1.1590E-21
2306000	1.1581E-21
2308000	1.1572E-21
2310000	1.1564E-21
2312000	1.1555E-21
2314000	1.1546E-21
2316000	1.1537E-21
2318000	1.1528E-21
2320000	1.1519E-21
2322000	1.1510E-21
2324000	1.1501E-21
2326000	1.1492E-21
2328000	1.1483E-21
2330000	1.1475E-21
2332000	1.1466E-21
2334000	1.1457E-21
2336000	1.1448E-21
2338000	1.1439E-21
2340000	1.1431E-21
2342000	1.1422E-21
2344000	1.1413E-21
2346000	1.1404E-21
2348000	1.1396E-21
2350000	1.1387E-21
2352000	1.1378E-21
2354000	1.1370E-21
2356000	1.1361E-21
2358000	1.1353E-21
2360000	1.1344E-21
2362000	1.1335E-21
2364000	1.1327E-21
2366000	1.1318E-21
2368000	1.1310E-21
2370000	1.1301E-21
2372000	1.1292E-21
2374000	1.1284E-21
2376000	1.1275E-21
2378000	1.1267E-21
2380000	1.1258E-21
2382000	1.1250E-21
2384000	1.1242E-21
2386000	1.1233E-21
2388000	1.1225E-21
2390000	1.1216E-21
2392000	1.1208E-21
2394000	1.1199E-21
2396000	1.1191E-21
2398000	1.1183E-21
2400000	1.1174E-21
2402000	1.1166E-21
2404000	1.1158E-21
2406000	1.1149E-21
2408000	1.1141E-21
2410000	1.1133E-21
2412000	1.1125E-21
2414000	1.1116E-21
2416000	1.1108E-21
2418000	1.1100E-21
2420000	1.1092E-21
2422000	1.1083E-21
2424000	1.1075E-21
2426000	1.1067E-21
2428000	1.1059E-21
2430000	1.1051E-21
2432000	1.1043E-21
2434000	1.1034E-21
2436000	1.1026E-21
2438000	1.1018E-21
2440000	1.1010E-21
2442000	1.1002E-21
2444000	1.0994E-21
2446000	1.0986E-21
2448000	1.0978E-21
2450000	1.0970E-21
2452000	1.0962E-21
2454000	1.0954E-21
2456000	1.0946E-21
2458000	1.0938E-21
2460000	1.0930E-21
2462000	1.0922E-21
2464000	1.0914E-21
2466000	1.0906E-21
2468000	1.0898E-21
2470000	1.0890E-21
2472000	1.0882E-21
2474000	1.0875E-21
2476000	1.0867E-21
2478000	1.0859E-21
2480000	1.0851E-21
2482000	1.0843E-21
2484000	1.0835E-21
2486000	1.0827E-21
2488000	1.0820E-21
2490000	1.0812E-21
2492000	1.0804E-21
2494000	1.0796E-21
2496000	1.0789E-21
2498000	1.0781E-21
2500000	1.0773E-21
2502000	1.0765E-21
2504000	1.0758E-21
2506000	1.0750E-21
2508000	1.0742E-21
2510000	1.0735E-21
2512000	1.0727E-21
2514000	1.0719E-21
2516000	1.0712E-21
2518000	1.0704E-21
2520000	1.0697E-21
2522000	1.0689E-21
2524000	1.0681E-21
2526000	1.0674E-21
2528000	1.0666E-21
2530000	1.0659E-21
2532000	1.0651E-21
2534000	1.0644E-21
2536000	1.0636E-21
2538000	1.0629E-21
2540000	1.0621E-21
2542000	1.0614E-21
2544000	1.0606E-21
2546000	1.0599E-21
2548000	1.0591E-21
2550000	1.0584E-21
2552000	1.0576E-21
2554000	1.0569E-21
2556000	1.0561E-21
2558000	1.0554E-21
2560000	1.0547E-21
2562000	1.0539E-21
2564000	1.0532E-21
2566000	1.0525E-21
2568000	1.0517E-21
2570000	1.0510E-21
2572000	1.0503E-21
2574000	1.0495E-21
2576000	1.0488E-21
2578000	1.0481E-21
2580000	1.0473E-21
2582000	1.0466E-21
2584000	1.0459E-21
2586000	1.0452E-21
2588000	1.0444E-21
2590000	1.0437E-21
2592000	1.0430E-21
2594000	1.0423E-21
2596000	1.0415E-21
2598000	1.0408E-21
2600000	1.0401E-21
2602000	1.0394E-21
2604000	1.0387E-21
2606000	1.0380E-21
2608000	1.0372E-21
2610000	1.0365E-21
2612000	1.0358E-21
2614000	1.0351E-21
2616000	1.0344E-21
2618000	1.0337E-21
2620000	1.0330E-21
2622000	1.0323E-21
2624000	1.0316E-21
2626000	1.0309E-21
2628000	1.0302E-21
2630000	1.0295E-21
2632000	1.0288E-21
2634000	1.0281E-21
2636000	1.0274E-21
2638000	1.0267E-21
2640000	1.0260E-21
2642000	1.0253E-21
2644000	1.0246E-21
2646000	1.0239E-21
2648000	1.0232E-21
2650000	1.0225E-21
2652000	1.0218E-21
2654000	1.0211E-21
2656000	1.0204E-21
2658000	1.0197E-21
2660000	1.0191E-21
2662000	1.0184E-21
2664000	1.0177E-21
2666000	1.0170E-21
2668000	1.0163E-21
2670000	1.0156E-21
2672000	1.0150E-21
2674000	1.0143E-21
2676000	1.0136E-21
2678000	1.0129E-21
2680000	1.0122E-21
2682000	1.0116E-21
2684000	1.0109E-21
2686000	1.0102E-21
2688000	1.0095E-21
2690000	1.0089E-21
2692000	1.0082E-21
2694000	1.0075E-21
2696000	1.0069E-21
2698000	1.0062E-21
2700000	1.0055E-21
2702000	1.0048E-21
2704000	1.0042E-21
2706000	1.0035E-21
2708000	1.0029E-21
2710000	1.0022E-21
2712000	1.0015E-21
2714000	1.0009E-21
2716000	1.0002E-21
2718000	9.9954E-22
2720000	9.9888E-22
2722000	9.9823E-22
2724000	9.9757E-22
2726000	9.9691E-22
2728000	9.9626E-22
2730000	9.9560E-22
2732000	9.9495E-22
2734000	9.9430E-22
2736000	9.9364E-22
2738000	9.9299E-22
2740000	9.9234E-22
2742000	9.9170E-22
2744000	9.9105E-22
2746000	9.9040E-22
2748000	9.8975E-22
2750000	9.8911E-22
2752000	9.8846E-22
2754000	9.8782E-22
2756000	9.8718E-22
2758000	9.8654E-22
2760000	9.8590E-22
2762000	9.8526E-22
2764000	9.8462E-22
2766000	9.8398E-22
2768000	9.8334E-22
2770000	9.8270E-22
2772000	9.8207E-22
2774000	9.8143E-22
2776000	9.8080E-22
2778000	9.8017E-22
2780000	9.7953E-22
2782000	9.7890E-22
2784000	9.7827E-22
2786000	9.7764E-22
2788000	9.7701E-22
2790000	9.7639E-22
2792000	9.7576E-22
2794000	9.7513E-22
2796000	9.7451E-22
2798000	9.7388E-22
2800000	9.7326E-22
2802000	9.7264E-22
2804000	9.7201E-22
2806000	9.7139E-22
2808000	9.7077E-22
2810000	9.7015E-22
2812000	9.6953E-22
2814000	9.6892E-22
2816000	9.6830E-22
2818000	9.6768E-22
2820000	9.6707E-22
2822000	9.6645E-22
2824000	9.6584E-22
2826000	9.6523E-22
2828000	9.6461E-22
2830000	9.6400E-22
2832000	9.6339E-22
2834000	9.6278E-22
2836000	9.6217E-22
2838000	9.6156E-22
2840000	9.6096E-22
2842000	9.6035E-22
2844000	9.5975E-22
2846000	9.5914E-22
2848000	9.5854E-22
2850000	9.5793E-22
2852000	9.5733E-22
2854000	9.5673E-22
2856000	9.5613E-22
2858000	9.5553E-22
2860000	9.5493E-22
2862000	9.5433E-22
2864000	9.5373E-22
2866000	9.5314E-22
2868000	9.5254E-22
2870000	9.5194E-22
2872000	9.5135E-22
2874000	9.5076E-22
2876000	9.5016E-22
2878000	9.4957E-22
2880000	9.4898E-22
2882000	9.4839E-22
2884000	9.4780E-22
2886000	9.4721E-22
2888000	9.4662E-22
2890000	9.4603E-22
2892000	9.4545E-22
2894000	9.4486E-22
2896000	9.4428E-22
2898000	9.4369E-22
2900000	9.4311E-22
2902000	9.4253E-22
2904000	9.4194E-22
2906000	9.4136E-22
2908000	9.4078E-22
2910000	9.4020E-22
2912000	9.3962E-22
2914000	9.3904E-22
2916000	9.3847E-22
2918000	9.3789E-22
2920000	9.3731E-22
2922000	9.3674E-22
2924000	9.3616E-22
2926000	9.3559E-22
2928000	9.3502E-22
2930000	9.3444E-22
2932000	9.3387E-22
2934000	9.3330E-22
2936000	9.3273E-22
2938000	9.3216E-22
2940000	9.3159E-22
2942000	9.3102E-22
2944000	9.3046E-22
2946000	9.2989E-22
2948000	9.2933E-22
2950000	9.2876E-22
2952000	9.2820E-22
2954000	9.2763E-22
2956000	9.2707E-22
2958000	9.2651E-22
2960000	9.2595E-22
2962000	9.2538E-22
2964000	9.2482E-22
2966000	9.2426E-22
2968000	9.2371E-22
2970000	9.2315E-22
2972000	9.2259E-22
2974000	9.2203E-22
2976000	9.2148E-22
2978000	9.2092E-22
2980000	9.2037E-22
2982000	9.1982E-22
2984000	9.1926E-22
2986000	9.1871E-22
2988000	9.1816E-22
2990000	9.1761E-22
2992000	9.1706E-22
2994000	9.1651E-22
2996000	9.1596E-22
2998000	9.1541E-22
3000000	9.1486E-22
3002000	9.1432E-22
3004000	9.1377E-22
3006000	9.1323E-22
3008000	9.1268E-22
3010000	9.1214E-22
3012000	9.1159E-22
3014000	9.1105E-22
3016000	9.1051E-22
3018000	9.0997E-22
3020000	9.0943E-22
3022000	9.0889E-22
3024000	9.0835E-22
3026000	9.0781E-22
3028000	9.0727E-22
3030000	9.0673E-22
3032000	9.0620E-22
3034000	9.0566E-22
3036000	9.0513E-22
3038000	9.0459E-22
3040000	9.0406E-22
3042000	9.0352E-22
3044000	9.0299E-22
3046000	9.0246E-22
3048000	9.0193E-22
3050000	9.0140E-22
3052000	9.0087E-22
3054000	9.0034E-22
3056000	8.9981E-22
3058000	8.9928E-22
3060000	8.9876E-22
3062000	8.9823E-22
3064000	8.9770E-22
3066000	8.9718E-22
3068000	8.9665E-22
3070000	8.9613E-22
3072000	8.9561E-22
3074000	8.9508E-22
3076000	8.9456E-22
3078000	8.9404E-22
3080000	8.9352E-22
3082000	8.9300E-22
3084000	8.9248E-22
3086000	8.9196E-22
3088000	8.9144E-22
3090000	8.9092E-22
3092000	8.9041E-22
3094000	8.8989E-22
3096000	8.8937E-22
3098000	8.8886E-22
3100000	8.8834E-22
3102000	8.8783E-22
3104000	8.8732E-22
3106000	8.8680E-22
3108000	8.8629E-22
3110000	8.8578E-22
3112000	8.8527E-22
3114000	8.8476E-22
3116000	8.8425E-22
3118000	8.8374E-22
3120000	8.8323E-22
3122000	8.8273E-22
3124000	8.8222E-22
3126000	8.8171E-22
3128000	8.8121E-22
3130000	8.8070E-22
3132000	8.8020E-22
3134000	8.7969E-22
3136000	8.7919E-22
3138000	8.7869E-22
3140000	8.7818E-22
3142000	8.7768E-22
3144000	8.7718E-22
3146000	8.7668E-22
3148000	8.7618E-22
3150000	8.7568E-22
3152000	8.7518E-22
3154000	8.7469E-22
3156000	8.7419E-22
3158000	8.7369E-22
3160000	8.7320E-22
3162000	8.7270E-22
3164000	8.7221E-22
3166000	8.7171E-22
3168000	8.7122E-22
3170000	8.7072E-22
3172000	8.7023E-22
3174000	8.6974E-22
3176000	8.6925E-22
3178000	8.6876E-22
3180000	8.6827E-22
3182000	8.6778E-22
3184000	8.6729E-22
3186000	8.6680E-22
3188000	8.6631E-22
3190000	8.6582E-22
3192000	8.6534E-22
3194000	8.6485E-22
3196000	8.6437E-22
3198000	8.6388E-22
3200000	8.6340E-22
3202000	8.6291E-22
3204000	8.6243E-22
3206000	8.6195E-22
3208000	8.6146E-22
3210000	8.6098E-22
3212000	8.6050E-22
3214000	8.6002E-22
3216000	8.5954E-22
3218000	8.5906E-22
3220000	8.5858E-22
3222000	8.5810E-22
3224000	8.5763E-22
3226000	8.5715E-22
3228000	8.5667E-22
3230000	8.5620E-22
3232000	8.5572E-22
3234000	8.5525E-22
3236000	8.5477E-22
3238000	8.5430E-22
3240000	8.5383E-22
3242000	8.5335E-22
3244000	8.5288E-22
3246000	8.5241E-22
3248000	8.5194E-22
3250000	8.5147E-22
3252000	8.5100E-22
3254000	8.5053E-22
3256000	8.5006E-22
3258000	8.4959E-22
3260000	8.4912E-22
3262000	8.4866E-22
3264000	8.4819E-22
3266000	8.4772E-22
3268000	8.4726E-22
3270000	8.4679E-22
3272000	8.4633E-22
3274000	8.4586E-22
3276000	8.4540E-22
3278000	8.4494E-22
3280000	8.4447E-22
3282000	8.4401E-22
3284000	8.4355E-22
3286000	8.4309E-22
3288000	8.4263E-22
3290000	8.4217E-22
3292000	8.4171E-22
3294000	8.4125E-22
3296000	8.4080E-22
3298000	8.4034E-22
3300000	8.3988E-22
3302000	8.3942E-22
3304000	8.3897E-22
3306000	8.3851E-22
3308000	8.3806E-22
3310000	8.3760E-22
3312000	8.3715E-22
3314000	8.3670E-22
3316000	8.3624E-22
3318000	8.3579E-22
3320000	8.3534E-22
3322000	8.3489E-22
3324000	8.3444E-22
3326000	8.3399E-22
3328000	8.3354E-22
3330000	8.3309E-22
3332000	8.3264E-22
3334000	8.3219E-22
3336000	8.3174E-22
3338000	8.3129E-22
3340000	8.3085E-22
3342000	8.3040E-22
3344000	8.2996E-22
3346000	8.2951E-22
3348000	8.2907E-22
3350000	8.2862E-22
3352000	8.2818E-22
3354000	8.2773E-22
3356000	8.2729E-22
3358000	8.2685E-22
3360000	8.2641E-22
3362000	8.2597E-22
3364000	8.2553E-22
3366000	8.2509E-22
3368000	8.2465E-22
3370000	8.2421E-22
3372000	8.2377E-22
3374000	8.2333E-22
3376000	8.2289E-22
3378000	8.2245E-22
3380000	8.2202E-22
3382000	8.2158E-22
3384000	8.2114E-22
3386000	8.2071E-22
3388000	8.2027E-22
3390000	8.1984E-22
3392000	8.1941E-22
3394000	8.1897E-22
3396000	8.1854E-22
3398000	8.1811E-22
3400000	8.1768E-22
3402000	8.1724E-22
3404000	8.1681E-22
3406000	8.1638E-22
3408000	8.1595E-22
3410000	8.1552E-22
3412000	8.1509E-22
3414000	8.1467E-22
3416000	8.1424E-22
3418000	8.1381E-22
3420000	8.1338E-22
3422000	8.1296E-22
3424000	8.1253E-22
3426000	8.1210E-22
3428000	8.1168E-22
3430000	8.1125E-22
3432000	8.1083E-22
3434000	8.1041E-22
3436000	8.0998E-22
3438000	8.0956E-22
3440000	8.0914E-22
3442000	8.0871E-22
3444000	8.0829E-22
3446000	8.0787E-22
3448000	8.0745E-22
3450000	8.0703E-22
3452000	8.0661E-22
3454000	8.0619E-22
3456000	8.0577E-22
3458000	8.0535E-22
3460000	8.0494E-22
3462000	8.0452E-22
3464000	8.0410E-22
3466000	8.0369E-22
3468000	8.0327E-22
3470000	8.0285E-22
3472000	8.0244E-22
3474000	8.0202E-22
3476000	8.0161E-22
3478000	8.0120E-22
3480000	8.0078E-22
3482000	8.0037E-22
3484000	7.9996E-22
3486000	7.9955E-22
3488000	7.9913E-22
3490000	7.9872E-22
3492000	7.9831E-22
3494000	7.9790E-22
3496000	7.9749E-22
3498000	7.9708E-22
3500000	7.9667E-22
3502000	7.9627E-22
3504000	7.9586E-22
3506000	7.9545E-22
3508000	7.9504E-22
3510000	7.9464E-22
3512000	7.9423E-22
3514000	7.9382E-22
3516000	7.9342E-22
3518000	7.9301E-22
3520000	7.9261E-22
3522000	7.9220E-22
3524000	7.9180E-22
3526000	7.9140E-22
3528000	7.9100E-22
3530000	7.9059E-22
3532000	7.9019E-22
3534000	7.8979E-22
3536000	7.8939E-22
3538000	7.8899E-22
3540000	7.8859E-22
3542000	7.8819E-22
3544000	7.8779E-22
3546000	7.8739E-22
3548000	7.8699E-22
3550000	7.8659E-22
3552000	7.8620E-22
3554000	7.8580E-22
3556000	7.8540E-22
3558000	7.8501E-22
3560000	7.8461E-22
3562000	7.8421E-22
3564000	7.8382E-22
3566000	7.8342E-22
3568000	7.8303E-22
3570000	7.8264E-22
3572000	7.8224E-22
3574000	7.8185E-22
3576000	7.8146E-22
3578000	7.8106E-22
3580000	7.8067E-22
3582000	7.8028E-22
3584000	7.7989E-22
3586000	7.7950E-22
3588000	7.7911E-22
3590000	7.7872E-22
3592000	7.7833E-22
3594000	7.7794E-22
3596000	7.7755E-22
3598000	7.7717E-22
3600000	7.7678E-22
3602000	7.7639E-22
3604000	7.7600E-22
3606000	7.7562E-22
3608000	7.7523E-22
3610000	7.7485E-22
3612000	7.7446E-22
3614000	7.7408E-22
3616000	7.7369E-22
3618000	7.7331E-22
3620000	7.7292E-22
3622000	7.7254E-22
3624000	7.7216E-22
3626000	7.7178E-22
3628000	7.7139E-22
3630000	7.7101E-22
3632000	7.7063E-22
3634000	7.7025E-22
3636000	7.6987E-22
3638000	7.6949E-22
3640000	7.6911E-22
3642000	7.6873E-22
3644000	7.6835E-22
3646000	7.6797E-22
3648000	7.6759E-22
3650000	7.6722E-22
3652000	7.6684E-22
3654000	7.6646E-22
3656000	7.6609E-22
3658000	7.6571E-22
3660000	7.6533E-22
3662000	7.6496E-22
3664000	7.6458E-22
3666000	7.6421E-22
3668000	7.6384E-22
3670000	7.6346E-22
3672000	7.6309E-22
3674000	7.6272E-22
3676000	7.6234E-22
3678000	7.6197E-22
3680000	7.6160E-22
3682000	7.6123E-22
3684000	7.6086E-22
3686000	7.6049E-22
3688000	7.6012E-22
3690000	7.5975E-22
3692000	7.5938E-22
3694000	7.5901E-22
3696000	7.5864E-22
3698000	7.5827E-22
3700000	7.5790E-22
3702000	7.5753E-22
3704000	7.5717E-22
3706000	7.5680E-22
3708000	7.5643E-22
3710000	7.5607E-22
3712000	7.5570E-22
3714000	7.5534E-22
3716000	7.5497E-22
3718000	7.5461E-22
3720000	7.5424E-22
3722000	7.5388E-22
3724000	7.5351E-22
3726000	7.5315E-22
3728000	7.5279E-22
3730000	7.5243E-22
3732000	7.5206E-22
3734000	7.5170E-22
3736000	7.5134E-22
3738000	7.5098E-22
3740000	7.5062E-22
3742000	7.5026E-22
3744000	7.4990E-22
3746000	7.4954E-22
3748000	7.4918E-22
3750000	7.4882E-22
3752000	7.4846E-22
3754000	7.4810E-22
3756000	7.4775E-22
3758000	7.4739E-22
3760000	7.4703E-22
3762000	7.4668E-22
3764000	7.4632E-22
3766000	7.4596E-22
3768000	7.4561E-22
3770000	7.4525E-22
3772000	7.4490E-22
3774000	7.4454E-22
3776000	7.4419E-22
3778000	7.4384E-22
3780000	7.4348E-22
3782000	7.4313E-22
3784000	7.4278E-22
3786000	7.4242E-22
3788000	7.4207E-22
3790000	7.4172E-22
3792000	7.4137E-22
3794000	7.4102E-22
3796000	7.4067E-22
3798000	7.4032E-22
3800000	7.3997E-22
3802000	7.3962E-22
3804000	7.3927E-22
3806000	7.3892E-22
3808000	7.3857E-22
3810000	7.3822E-22
3812000	7.3788E-22
3814000	7.3753E-22
3816000	7.3718E-22
3818000	7.3683E-22
3820000	7.3649E-22
3822000	7.3614E-22
3824000	7.3580E-22
3826000	7.3545E-22
3828000	7.3511E-22
3830000	7.3476E-22
3832000	7.3442E-22
3834000	7.3407E-22
3836000	7.3373E-22
3838000	7.3338E-22
3840000	7.3304E-22
3842000	7.3270E-22
3844000	7.3236E-22
3846000	7.3201E-22
3848000	7.3167E-22
3850000	7.3133E-22
3852000	7.3099E-22
3854000	7.3065E-22
3856000	7.3031E-22
3858000	7.2997E-22
3860000	7.2963E-22
3862000	7.2929E-22
3864000	7.2895E-22
3866000	7.2861E-22
3868000	7.2827E-22
3870000	7.2794E-22
3872000	7.2760E-22
3874000	7.2726E-22
3876000	7.2692E-22
3878000	7.2659E-22
3880000	7.2625E-22
3882000	7.2592E-22
3884000	7.2558E-22
3886000	7.2524E-22
3888000	7.2491E-22
3890000	7.2457E-22
3892000	7.2424E-22
3894000	7.2391E-22
3896000	7.2357E-22
3898000	7.2324E-22
3900000	7.2291E-22
3902000	7.2257E-22
3904000	7.2224E-22
3906000	7.2191E-22
3908000	7.2158E-22
3910000	7.2124E-22
3912000	7.2091E-22
3914000	7.2058E-22
3916000	7.2025E-22
3918000	7.1992E-22
3920000	7.1959E-22
3922000	7.1926E-22
3924000	7.1893E-22
3926000	7.1860E-22
3928000	7.1828E-22
3930000	7.1795E-22
3932000	7.1762E-22
3934000	7.1729E-22
3936000	7.1696E-22
3938000	7.1664E-22
3940000	7.1631E-22
3942000	7.1598E-22
3944000	7.1566E-22
3946000	7.1533E-22
3948000	7.1501E-22
3950000	7.1468E-22
3952000	7.1436E-22
3954000	7.1403E-22
3956000	7.1371E-22
3958000	7.1338E-22
3960000	7.1306E-22
3962000	7.1274E-22
3964000	7.1241E-22
3966000	7.1209E-22
3968000	7.1177E-22
3970000	7.1145E-22
3972000	7.1113E-22
3974000	7.1080E-22
3976000	7.1048E-22
3978000	7.1016E-22
3980000	7.0984E-22
3982000	7.0952E-22
3984000	7.0920E-22
3986000	7.0888E-22
3988000	7.0856E-22
3990000	7.0824E-22
3992000	7.0792E-22
3994000	7.0761E-22
3996000	7.0729E-22
3998000	7.0697E-22
4000000	7.0665E-22
4002000	7.0634E-22
4004000	7.0602E-22
4006000	7.0570E-22
4008000	7.0539E-22
4010000	7.0507E-22
4012000	7.0475E-22
4014000	7.0444E-22
4016000	7.0412E-22
4018000	7.0381E-22
4020000	7.0349E-22
4022000	7.0318E-22
4024000	7.0287E-22
4026000	7.0255E-22
4028000	7.0224E-22
4030000	7.0193E-22
4032000	7.0161E-22
4034000	7.0130E-22
4036000	7.0099E-22
4038000	7.0068E-22
4040000	7.0037E-22
4042000	7.0005E-22
4044000	6.9974E-22
4046000	6.9943E-22
4048000	6.9912E-22
4050000	6.9881E-22
4052000	6.9850E-22
4054000	6.9819E-22
4056000	6.9788E-22
4058000	6.9757E-22
4060000	6.9727E-22
4062000	6.9696E-22
4064000	6.9665E-22
4066000	6.9634E-22
4068000	6.9603E-22
4070000	6.9573E-22
4072000	6.9542E-22
4074000	6.9511E-22
4076000	6.9481E-22
4078000	6.9450E-22
4080000	6.9419E-22
4082000	6.9389E-22
4084000	6.9358E-22
4086000	6.9328E-22
4088000	6.9297E-22
4090000	6.9267E-22
4092000	6.9237E-22
4094000	6.9206E-22
4096000	6.9176E-22
4098000	6.9146E-22
4100000	6.9115E-22
4102000	6.9085E-22
4104000	6.9055E-22
4106000	6.9024E-22
4108000	6.8994E-22
4110000	6.8964E-22
4112000	6.8934E-22
4114000	6.8904E-22
4116000	6.8874E-22
4118000	6.8844E-22
4120000	6.8814E-22
4122000	6.8784E-22
4124000	6.8754E-22
4126000	6.8724E-22
4128000	6.8694E-22
4130000	6.8664E-22
4132000	6.8634E-22
4134000	6.8604E-22
4136000	6.8575E-22
4138000	6.8545E-22
4140000	6.8515E-22
4142000	6.8485E-22
4144000	6.8456E-22
4146000	6.8426E-22
4148000	6.8396E-22
4150000	6.8367E-22
4152000	6.8337E-22
4154000	6.8308E-22
4156000	6.8278E-22
4158000	6.8249E-22
4160000	6.8219E-22
4162000	6.8190E-22
4164000	6.8160E-22
4166000	6.8131E-22
4168000	6.8101E-22
4170000	6.8072E-22
4172000	6.8043E-22
4174000	6.8014E-22
4176000	6.7984E-22
4178000	6.7955E-22
4180000	6.7926E-22
4182000	6.7897E-22
4184000	6.7867E-22
4186000	6.7838E-22
4188000	6.7809E-22
4190000	6.7780E-22
4192000	6.7751E-22
4194000	6.7722E-22
4196000	6.7693E-22
4198000	6.7664E-22
4200000	6.7635E-22
4202000	6.7606E-22
4204000	6.7577E-22
4206000	6.7548E-22
4208000	6.7520E-22
4210000	6.7491E-22
4212000	6.7462E-22
4214000	6.7433E-22
4216000	6.7405E-22
4218000	6.7376E-22
4220000	6.7347E-22
4222000	6.7318E-22
4224000	6.7290E-22
4226000	6.7261E-22
4228000	6.7233E-22
4230000	6.7204E-22
4232000	6.7176E-22
4234000	6.7147E-22
4236000	6.7119E-22
4238000	6.7090E-22
4240000	6.7062E-22
4242000	6.7033E-22
4244000	6.7005E-22
4246000	6.6977E-22
4248000	6.6948E-22
4250000	6.6920E-22
4252000	6.6892E-22
4254000	6.6863E-22
4256000	6.6835E-22
4258000	6.6807E-22
4260000	6.6779E-22
4262000	6.6751E-22
4264000	6.6723E-22
4266000	6.6694E-22
4268000	6.6666E-22
4270000	6.6638E-22
4272000	6.6610E-22
4274000	6.6582E-22
4276000	6.6554E-22
4278000	6.6526E-22
4280000	6.6498E-22
4282000	6.6470E-22
4284000	6.6443E-22
4286000	6.6415E-22
4288000	6.6387E-22
4290000	6.6359E-22
4292000	6.6331E-22
4294000	6.6304E-22
4296000	6.6276E-22
4298000	6.6248E-22
4300000	6.6220E-22
4302000	6.6193E-22
4304000	6.6165E-22
4306000	6.6138E-22
4308000	6.6110E-22
4310000	6.6082E-22
4312000	6.6055E-22
4314000	6.6027E-22
4316000	6.6000E-22
4318000	6.5972E-22
4320000	6.5945E-22
4322000	6.5918E-22
4324000	6.5890E-22
4326000	6.5863E-22
4328000	6.5835E-22
4330000	6.5808E-22
4332000	6.5781E-22
4334000	6.5754E-22
4336000	6.5726E-22
4338000	6.5699E-22
4340000	6.5672E-22
4342000	6.5645E-22
4344000	6.5618E-22
4346000	6.5590E-22
4348000	6.5563E-22
4350000	6.5536E-22
4352000	6.5509E-22
4354000	6.5482E-22
4356000	6.5455E-22
4358000	6.5428E-22
4360000	6.5401E-22
4362000	6.5374E-22
4364000	6.5347E-22
4366000	6.5320E-22
4368000	6.5294E-22
4370000	6.5267E-22
4372000	6.5240E-22
4374000	6.5213E-22
4376000	6.5186E-22
4378000	6.5160E-22
4380000	6.5133E-22
4382000	6.5106E-22
4384000	6.5079E-22
4386000	6.5053E-22
4388000	6.5026E-22
4390000	6.4999E-22
4392000	6.4973E-22
4394000	6.4946E-22
4396000	6.4920E-22
4398000	6.4893E-22
4400000	6.4867E-22
4402000	6.4840E-22
4404000	6.4814E-22
4406000	6.4787E-22
4408000	6.4761E-22
4410000	6.4735E-22
4412000	6.4708E-22
4414000	6.4682E-22
4416000	6.4656E-22
4418000	6.4629E-22
4420000	6.4603E-22
4422000	6.4577E-22
4424000	6.4550E-22
4426000	6.4524E-22
4428000	6.4498E-22
4430000	6.4472E-22
4432000	6.4446E-22
4434000	6.4420E-22
4436000	6.4394E-22
4438000	6.4368E-22
4440000	6.4341E-22
4442000	6.4315E-22
4444000	6.4289E-22
4446000	6.4263E-22
4448000	6.4237E-22
4450000	6.4212E-22
4452000	6.4186E-22
4454000	6.4160E-22
4456000	6.4134E-22
4458000	6.4108E-22
4460000	6.4082E-22
4462000	6.4056E-22
4464000	6.4031E-22
4466000	6.4005E-22
4468000	6.3979E-22
4470000	6.3953E-22
4472000	6.3928E-22
4474000	6.3902E-22
4476000	6.3876E-22
4478000	6.3851E-22
4480000	6.3825E-22
4482000	6.3799E-22
4484000	6.3774E-22
4486000	6.3748E-22
4488000	6.3723E-22
4490000	6.3697E-22
4492000	6.3672E-22
4494000	6.3646E-22
4496000	6.3621E-22
4498000	6.3596E-22
4500000	6.3570E-22
4502000	6.3545E-22
4504000	6.3519E-22
4506000	6.3494E-22
4508000	6.3469E-22
4510000	6.3443E-22
4512000	6.3418E-22
4514000	6.3393E-22
4516000	6.3368E-22
4518000	6.3343E-22
4520000	6.3317E-22
4522000	6.3292E-22
4524000	6.3267E-22
4526000	6.3242E-22
4528000	6.3217E-22
4530000	6.3192E-22
4532000	6.3167E-22
4534000	6.3142E-22
4536000	6.3117E-22
4538000	6.3092E-22
4540000	6.3067E-22
4542000	6.3042E-22
4544000	6.3017E-22
4546000	6.2992E-22
4548000	6.2967E-22
4550000	6.2942E-22
4552000	6.2917E-22
4554000	6.2892E-22
4556000	6.2868E-22
4558000	6.2843E-22
4560000	6.2818E-22
4562000	6.2793E-22
4564000	6.2769E-22
4566000	6.2744E-22
4568000	6.2719E-22
4570000	6.2695E-22
4572000	6.2670E-22
4574000	6.2645E-22
4576000	6.2621E-22
4578000	6.2596E-22
4580000	6.2572E-22
4582000	6.2547E-22
4584000	6.2522E-22
4586000	6.2498E-22
4588000	6.2473E-22
4590000	6.2449E-22
4592000	6.2425E-22
4594000	6.2400E-22
4596000	6.2376E-22
4598000	6.2351E-22
4600000	6.2327E-22
4602000	6.2303E-22
4604000	6.2278E-22
4606000	6.2254E-22
4608000	6.2230E-22
4610000	6.2206E-22
4612000	6.2181E-22
4614000	6.2157E-22
4616000	6.2133E-22
4618000	6.2109E-22
4620000	6.2085E-22
4622000	6.2060E-22
4624000	6.2036E-22
4626000	6.2012E-22
4628000	6.1988E-22
4630000	6.1964E-22
4632000	6.1940E-22
4634000	6.1916E-22
4636000	6.1892E-22
4638000	6.1868E-22
4640000	6.1844E-22
4642000	6.1820E-22
4644000	6.1796E-22
4646000	6.1772E-22
4648000	6.1748E-22
4650000	6.1725E-22
4652000	6.1701E-22
4654000	6.1677E-22
4656000	6.1653E-22
4658000	6.1629E-22
4660000	6.1605E-22
4662000	6.1582E-22
4664000	6.1558E-22
4666000	6.1534E-22
4668000	6.1511E-22
4670000	6.1487E-22
4672000	6.1463E-22
4674000	6.1440E-22
4676000	6.1416E-22
4678000	6.1392E-22
4680000	6.1369E-22
4682000	6.1345E-22
4684000	6.1322E-22
4686000	6.1298E-22
4688000	6.1275E-22
4690000	6.1251E-22
4692000	6.1228E-22
4694000	6.1204E-22
4696000	6.1181E-22
4698000	6.1158E-22
4700000	6.1134E-22
4702000	6.1111E-22
4704000	6.1087E-22
4706000	6.1064E-22
4708000	6.1041E-22
4710000	6.1017E-22
4712000	6.0994E-22
4714000	6.0971E-22
4716000	6.0948E-22
4718000	6.0925E-22
4720000	6.0901E-22
4722000	6.0878E-22
4724000	6.0855E-22
4726000	6.0832E-22
4728000	6.0809E-22
4730000	6.0786E-22
4732000	6.0763E-22
4734000	6.0739E-22
4736000	6.0716E-22
4738000	6.0693E-22
4740000	6.0670E-22
4742000	6.0647E-22
4744000	6.0624E-22
4746000	6.0601E-22
4748000	6.0578E-22
4750000	6.0556E-22
4752000	6.0533E-22
4754000	6.0510E-22
4756000	6.0487E-22
4758000	6.0464E-22
4760000	6.0441E-22
4762000	6.0418E-22
4764000	6.0396E-22
4766000	6.0373E-22
4768000	6.0350E-22
4770000	6.0327E-22
4772000	6.0305E-22
4774000	6.0282E-22
4776000	6.0259E-22
4778000	6.0237E-22
4780000	6.0214E-22
4782000	6.0191E-22
4784000	6.0169E-22
4786000	6.0146E-22
4788000	6.0124E-22
4790000	6.0101E-22
4792000	6.0078E-22
4794000	6.0056E-22
4796000	6.0033E-22
4798000	6.0011E-22
4800000	5.9988E-22
4802000	5.9966E-22
4804000	5.9944E-22
4806000	5.9921E-22
4808000	5.9899E-22
4810000	5.9876E-22
4812000	5.9854E-22
4814000	5.9832E-22
4816000	5.9809E-22
4818000	5.9787E-22
4820000	5.9765E-22
4822000	5.9742E-22
4824000	5.9720E-22
4826000	5.9698E-22
4828000	5.9676E-22
4830000	5.9654E-22
4832000	5.9631E-22
4834000	5.9609E-22
4836000	5.9587E-22
4838000	5.9565E-22
4840000	5.9543E-22
4842000	5.9521E-22
4844000	5.9499E-22
4846000	5.9476E-22
4848000	5.9454E-22
4850000	5.9432E-22
4852000	5.9410E-22
4854000	5.9388E-22
4856000	5.9366E-22
4858000	5.9344E-22
4860000	5.9322E-22
4862000	5.9301E-22
4864000	5.9279E-22
4866000	5.9257E-22
4868000	5.9235E-22
4870000	5.9213E-22
4872000	5.9191E-22
4874000	5.9169E-22
4876000	5.9148E-22
4878000	5.9126E-22
4880000	5.9104E-22
4882000	5.9082E-22
4884000	5.9060E-22
4886000	5.9039E-22
4888000	5.9017E-22
4890000	5.8995E-22
4892000	5.8974E-22
4894000	5.8952E-22
4896000	5.8930E-22
4898000	5.8909E-22
4900000	5.8887E-22
4902000	5.8866E-22
4904000	5.8844E-22
4906000	5.8822E-22
4908000	5.8801E-22
4910000	5.8779E-22
4912000	5.8758E-22
4914000	5.8736E-22
4916000	5.8715E-22
4918000	5.8693E-22
4920000	5.8672E-22
4922000	5.8651E-22
4924000	5.8629E-22
4926000	5.8608E-22
4928000	5.8586E-22
4930000	5.8565E-22
4932000	5.8544E-22
4934000	5.8522E-22
4936000	5.8501E-22
4938000	5.8480E-22
4940000	5.8458E-22
4942000	5.8437E-22
4944000	5.8416E-22
4946000	5.8395E-22
4948000	5.8374E-22
4950000	5.8352E-22
4952000	5.8331E-22
4954000	5.8310E-22
4956000	5.8289E-22
4958000	5.8268E-22
4960000	5.8247E-22
4962000	5.8225E-22
4964000	5.8204E-22
4966000	5.8183E-22
4968000	5.8162E-22
4970000	5.8141E-22
4972000	5.8120E-22
4974000	5.8099E-22
4976000	5.8078E-22
4978000	5.8057E-22
4980000	5.8036E-22
4982000	5.8015E-22
4984000	5.7994E-22
4986000	5.7974E-22
4988000	5.7953E-22
4990000	5.7932E-22
4992000	5.7911E-22
4994000	5.7890E-22
4996000	5.7869E-22
4998000	5.7848E-22
5000000	5.7828E-22
5002000	5.7807E-22
5004000	5.7786E-22
5006000	5.7765E-22
5008000	5.7745E-22
5010000	5.7724E-22
5012000	5.7703E-22
5014000	5.7683E-22
5016000	5.7662E-22
5018000	5.7641E-22
5020000	5.7621E-22
5022000	5.7600E-22
5024000	5.7579E-22
5026000	5.7559E-22
5028000	5.7538E-22
5030000	5.7518E-22
5032000	5.7497E-22
5034000	5.7477E-22
5036000	5.7456E-22
5038000	5.7436E-22
5040000	5.7415E-22
5042000	5.7395E-22
5044000	5.7374E-22
5046000	5.7354E-22
5048000	5.7333E-22
5050000	5.7313E-22
5052000	5.7292E-22
5054000	5.7272E-22
5056000	5.7252E-22
5058000	5.7231E-22
5060000	5.7211E-22
5062000	5.7191E-22
5064000	5.7170E-22
5066000	5.7150E-22
5068000	5.7130E-22
5070000	5.7110E-22
5072000	5.7089E-22
5074000	5.7069E-22
5076000	5.7049E-22
5078000	5.7029E-22
5080000	5.7009E-22
5082000	5.6988E-22
5084000	5.6968E-22
5086000	5.6948E-22
5088000	5.6928E-22
5090000	5.6908E-22
5092000	5.6888E-22
5094000	5.6868E-22
5096000	5.6848E-22
5098000	5.6828E-22
5100000	5.6808E-22
5102000	5.6788E-22
5104000	5.6768E-22
5106000	5.6748E-22
5108000	5.6728E-22
5110000	5.6708E-22
5112000	5.6688E-22
5114000	5.6668E-22
5116000	5.6648E-22
5118000	5.6628E-22
5120000	5.6608E-22
5122000	5.6588E-22
5124000	5.6568E-22
5126000	5.6549E-22
5128000	5.6529E-22
5130000	5.6509E-22
5132000	5.6489E-22
5134000	5.6469E-22
5136000	5.6450E-22
5138000	5.6430E-22
5140000	5.6410E-22
5142000	5.6390E-22
5144000	5.6371E-22
5146000	5.6351E-22
5148000	5.6331E-22
5150000	5.6312E-22
5152000	5.6292E-22
5154000	5.6272E-22
5156000	5.6253E-22
5158000	5.6233E-22
5160000	5.6214E-22
5162000	5.6194E-22
5164000	5.6174E-22
5166000	5.6155E-22
5168000	5.6135E-22
5170000	5.6116E-22
5172000	5.6096E-22
5174000	5.6077E-22
5176000	5.6057E-22
5178000	5.6038E-22
5180000	5.6019E-22
5182000	5.5999E-22
5184000	5.5980E-22
5186000	5.5960E-22
5188000	5.5941E-22
5190000	5.5922E-22
5192000	5.5902E-22
5194000	5.5883E-22
5196000	5.5863E-22
5198000	5.5844E-22
5200000	5.5825E-22
5202000	5.5806E-22
5204000	5.5786E-22
5206000	5.5767E-22
5208000	5.5748E-22
5210000	5.5729E-22
5212000	5.5709E-22
5214000	5.5690E-22
5216000	5.5671E-22
5218000	5.5652E-22
5220000	5.5633E-22
5222000	5.5613E-22
5224000	5.5594E-22
5226000	5.5575E-22
5228000	5.5556E-22
5230000	5.5537E-22
5232000	5.5518E-22
5234000	5.5499E-22
5236000	5.5480E-22
5238000	5.5461E-22
5240000	5.5442E-22
5242000	5.5423E-22
5244000	5.5404E-22
5246000	5.5385E-22
5248000	5.5366E-22
5250000	5.5347E-22
5252000	5.5328E-22
5254000	5.5309E-22
5256000	5.5290E-22
5258000	5.5271E-22
5260000	5.5252E-22
5262000	5.5233E-22
5264000	5.5214E-22
5266000	5.5196E-22
5268000	5.5177E-22
5270000	5.5158E-22
5272000	5.5139E-22
5274000	5.5120E-22
5276000	5.5102E-22
5278000	5.5083E-22
5280000	5.5064E-22
5282000	5.5045E-22
5284000	5.5027E-22
5286000	5.5008E-22
5288000	5.4989E-22
5290000	5.4971E-22
5292000	5.4952E-22
5294000	5.4933E-22
5296000	5.4915E-22
5298000	5.4896E-22
5300000	5.4877E-22
5302000	5.4859E-22
5304000	5.4840E-22
5306000	5.4822E-22
5308000	5.4803E-22
5310000	5.4784E-22
5312000	5.4766E-22
5314000	5.4747E-22
5316000	5.4729E-22
5318000	5.4710E-22
5320000	5.4692E-22
5322000	5.4673E-22
5324000	5.4655E-22
5326000	5.4636E-22
5328000	5.4618E-22
5330000	5.4600E-22
5332000	5.4581E-22
5334000	5.4563E-22
5336000	5.4544E-22
5338000	5.4526E-22
5340000	5.4508E-22
5342000	5.4489E-22
5344000	5.4471E-22
5346000	5.4453E-22
5348000	5.4434E-22
5350000	5.4416E-22
5352000	5.4398E-22
5354000	5.4380E-22
5356000	5.4361E-22
5358000	5.4343E-22
5360000	5.4325E-22
5362000	5.4307E-22
5364000	5.4288E-22
5366000	5.4270E-22
5368000	5.4252E-22
5370000	5.4234E-22
5372000	5.4216E-22
5374000	5.4198E-22
5376000	5.4180E-22
5378000	5.4161E-22
5380000	5.4143E-22
5382000	5.4125E-22
5384000	5.4107E-22
5386000	5.4089E-22
5388000	5.4071E-22
5390000	5.4053E-22
5392000	5.4035E-22
5394000	5.4017E-22
5396000	5.3999E-22
5398000	5.3981E-22
5400000	5.3963E-22
5402000	5.3945E-22
5404000	5.3927E-22
5406000	5.3909E-22
5408000	5.3891E-22
5410000	5.3873E-22
5412000	5.3856E-22
5414000	5.3838E-22
5416000	5.3820E-22
5418000	5.3802E-22
5420000	5.3784E-22
5422000	5.3766E-22
5424000	5.3748E-22
5426000	5.3731E-22
5428000	5.3713E-22
5430000	5.3695E-22
5432000	5.3677E-22
5434000	5.3660E-22
5436000	5.3642E-22
5438000	5.3624E-22
5440000	5.3606E-22
5442000	5.3589E-22
5444000	5.3571E-22
5446000	5.3553E-22
5448000	5.3536E-22
5450000	5.3518E-22
5452000	5.3500E-22
5454000	5.3483E-22
5456000	5.3465E-22
5458000	5.3447E-22
5460000	5.3430E-22
5462000	5.3412E-22
5464000	5.3395E-22
5466000	5.3377E-22
5468000	5.3360E-22
5470000	5.3342E-22
5472000	5.3325E-22
5474000	5.3307E-22
5476000	5.3290E-22
5478000	5.3272E-22
5480000	5.3255E-22
5482000	5.3237E-22
5484000	5.3220E-22
5486000	5.3202E-22
5488000	5.3185E-22
5490000	5.3167E-22
5492000	5.3150E-22
5494000	5.3133E-22
5496000	5.3115E-22
5498000	5.3098E-22
5500000	5.3080E-22
5502000	5.3063E-22
5504000	5.3046E-22
5506000	5.3028E-22
5508000	5.3011E-22
5510000	5.2994E-22
5512000	5.2977E-22
5514000	5.2959E-22
5516000	5.2942E-22
5518000	5.2925E-22
5520000	5.2908E-22
5522000	5.2890E-22
5524000	5.2873E-22
5526000	5.2856E-22
5528000	5.2839E-22
5530000	5.2822E-22
5532000	5.2804E-22
5534000	5.2787E-22
5536000	5.2770E-22
5538000	5.2753E-22
5540000	5.2736E-22
5542000	5.2719E-22
5544000	5.2702E-22
5546000	5.2685E-22
5548000	5.2668E-22
5550000	5.2650E-22
5552000	5.2633E-22
5554000	5.2616E-22
5556000	5.2599E-22
5558000	5.2582E-22
5560000	5.2565E-22
5562000	5.2548E-22
5564000	5.2531E-22
5566000	5.2514E-22
5568000	5.2497E-22
5570000	5.2481E-22
5572000	5.2464E-22
5574000	5.2447E-22
5576000	5.2430E-22
5578000	5.2413E-22
5580000	5.2396E-22
5582000	5.2379E-22
5584000	5.2362E-22
5586000	5.2345E-22
5588000	5.2329E-22
5590000	5.2312E-22
5592000	5.2295E-22
5594000	5.2278E-22
5596000	5.2261E-22
5598000	5.2245E-22
5600000	5.2228E-22
5602000	5.2211E-22
5604000	5.2194E-22
5606000	5.2178E-22
5608000	5.2161E-22
5610000	5.2144E-22
5612000	5.2127E-22
5614000	5.2111E-22
5616000	5.2094E-22
5618000	5.2077E-22
5620000	5.2061E-22
5622000	5.2044E-22
5624000	5.2027E-22
5626000	5.2011E-22
5628000	5.1994E-22
5630000	5.1978E-22
5632000	5.1961E-22
5634000	5.1944E-22
5636000	5.1928E-22
5638000	5.1911E-22
5640000	5.1895E-22
5642000	5.1878E-22
5644000	5.1862E-22
5646000	5.1845E-22
5648000	5.1829E-22
5650000	5.1812E-22
5652000	5.1796E-22
5654000	5.1779E-22
5656000	5.1763E-22
5658000	5.1746E-22
5660000	5.1730E-22
5662000	5.1713E-22
5664000	5.1697E-22
5666000	5.1681E-22
5668000	5.1664E-22
5670000	5.1648E-22
5672000	5.1632E-22
5674000	5.1615E-22
5676000	5.1599E-22
5678000	5.1582E-22
5680000	5.1566E-22
5682000	5.1550E-22
5684000	5.1534E-22
5686000	5.1517E-22
5688000	5.1501E-22
5690000	5.1485E-22
5692000	5.1468E-22
5694000	5.1452E-22
5696000	5.1436E-22
5698000	5.1420E-22
5700000	5.1404E-22
5702000	5.1387E-22
5704000	5.1371E-22
5706000	5.1355E-22
5708000	5.1339E-22
5710000	5.1323E-22
5712000	5.1306E-22
5714000	5.1290E-22
5716000	5.1274E-22
5718000	5.1258E-22
5720000	5.1242E-22
5722000	5.1226E-22
5724000	5.1210E-22
5726000	5.1194E-22
5728000	5.1178E-22
5730000	5.1162E-22
5732000	5.1146E-22
5734000	5.1129E-22
5736000	5.1113E-22
5738000	5.1097E-22
5740000	5.1081E-22
5742000	5.1065E-22
5744000	5.1049E-22
5746000	5.1034E-22
5748000	5.1018E-22
5750000	5.1002E-22
5752000	5.0986E-22
5754000	5.0970E-22
5756000	5.0954E-22
5758000	5.0938E-22
5760000	5.0922E-22
5762000	5.0906E-22
5764000	5.0890E-22
5766000	5.0874E-22
5768000	5.0859E-22
5770000	5.0843E-22
5772000	5.0827E-22
5774000	5.0811E-22
5776000	5.0795E-22
5778000	5.0779E-22
5780000	5.0764E-22
5782000	5.0748E-22
5784000	5.0732E-22
5786000	5.0716E-22
5788000	5.0701E-22
5790000	5.0685E-22
5792000	5.0669E-22
5794000	5.0653E-22
5796000	5.0638E-22
5798000	5.0622E-22
5800000	5.0606E-22
5802000	5.0591E-22
5804000	5.0575E-22
5806000	5.0559E-22
5808000	5.0544E-22
5810000	5.0528E-22
5812000	5.0512E-22
5814000	5.0497E-22
5816000	5.0481E-22
5818000	5.0466E-22
5820000	5.0450E-22
5822000	5.0434E-22
5824000	5.0419E-22
5826000	5.0403E-22
5828000	5.0388E-22
5830000	5.0372E-22
5832000	5.0357E-22
5834000	5.0341E-22
5836000	5.0326E-22
5838000	5.0310E-22
5840000	5.0295E-22
5842000	5.0279E-22
5844000	5.0264E-22
5846000	5.0248E-22
5848000	5.0233E-22
5850000	5.0217E-22
5852000	5.0202E-22
5854000	5.0187E-22
5856000	5.0171E-22
5858000	5.0156E-22
5860000	5.0140E-22
5862000	5.0125E-22
5864000	5.0110E-22
5866000	5.0094E-22
5868000	5.0079E-22
5870000	5.0064E-22
5872000	5.0048E-22
5874000	5.0033E-22
5876000	5.0018E-22
5878000	5.0002E-22
5880000	4.9987E-22
5882000	4.9972E-22
5884000	4.9956E-22
5886000	4.9941E-22
5888000	4.9926E-22
5890000	4.9911E-22
5892000	4.9895E-22
5894000	4.9880E-22
5896000	4.9865E-22
5898000	4.9850E-22
5900000	4.9835E-22
5902000	4.9820E-22
5904000	4.9804E-22
5906000	4.9789E-22
5908000	4.9774E-22
5910000	4.9759E-22
5912000	4.9744E-22
5914000	4.9729E-22
5916000	4.9714E-22
5918000	4.9698E-22
5920000	4.9683E-22
5922000	4.9668E-22
5924000	4.9653E-22
5926000	4.9638E-22
5928000	4.9623E-22
5930000	4.9608E-22
5932000	4.9593E-22
5934000	4.9578E-22
5936000	4.9563E-22
5938000	4.9548E-22
5940000	4.9533E-22
5942000	4.9518E-22
5944000	4.9503E-22
5946000	4.9488E-22
5948000	4.9473E-22
5950000	4.9458E-22
5952000	4.9443E-22
5954000	4.9428E-22
5956000	4.9413E-22
5958000	4.9398E-22
5960000	4.9384E-22
5962000	4.9369E-22
5964000	4.9354E-22
5966000	4.9339E-22
5968000	4.9324E-22
5970000	4.9309E-22
5972000	4.9294E-22
5974000	4.9280E-22
5976000	4.9265E-22
5978000	4.9250E-22
5980000	4.9235E-22
5982000	4.9220E-22
5984000	4.9206E-22
5986000	4.9191E-22
5988000	4.9176E-22
5990000	4.9161E-22
5992000	4.9146E-22
5994000	4.9132E-22
5996000	4.9117E-22
5998000	4.9102E-22
6000000	4.9088E-22
6002000	4.9073E-22
6004000	4.9058E-22
6006000	4.9043E-22
6008000	4.9029E-22
6010000	4.9014E-22
6012000	4.8999E-22
6014000	4.8985E-22
6016000	4.8970E-22
6018000	4.8956E-22
6020000	4.8941E-22
6022000	4.8926E-22
6024000	4.8912E-22
6026000	4.8897E-22
6028000	4.8883E-22
6030000	4.8868E-22
6032000	4.8853E-22
6034000	4.8839E-22
6036000	4.8824E-22
6038000	4.8810E-22
6040000	4.8795E-22
6042000	4.8781E-22
6044000	4.8766E-22
6046000	4.8752E-22
6048000	4.8737E-22
6050000	4.8723E-22
6052000	4.8708E-22
6054000	4.8694E-22
6056000	4.8679E-22
6058000	4.8665E-22
6060000	4.8651E-22
6062000	4.8636E-22
6064000	4.8622E-22
6066000	4.8607E-22
6068000	4.8593E-22
6070000	4.8578E-22
6072000	4.8564E-22
6074000	4.8550E-22
6076000	4.8535E-22
6078000	4.8521E-22
6080000	4.8507E-22
6082000	4.8492E-22
6084000	4.8478E-22
6086000	4.8464E-22
6088000	4.8449E-22
6090000	4.8435E-22
6092000	4.8421E-22
6094000	4.8407E-22
6096000	4.8392E-22
6098000	4.8378E-22
6100000	4.8364E-22
6102000	4.8349E-22
6104000	4.8335E-22
6106000	4.8321E-22
6108000	4.8307E-22
6110000	4.8293E-22
6112000	4.8278E-22
6114000	4.8264E-22
6116000	4.8250E-22
6118000	4.8236E-22
6120000	4.8222E-22
6122000	4.8207E-22
6124000	4.8193E-22
6126000	4.8179E-22
6128000	4.8165E-22
6130000	4.8151E-22
6132000	4.8137E-22
6134000	4.8123E-22
6136000	4.8109E-22
6138000	4.8095E-22
6140000	4.8080E-22
6142000	4.8066E-22
6144000	4.8052E-22
6146000	4.8038E-22
6148000	4.8024E-22
6150000	4.8010E-22
6152000	4.7996E-22
6154000	4.7982E-22
6156000	4.7968E-22
6158000	4.7954E-22
6160000	4.7940E-22
6162000	4.7926E-22
6164000	4.7912E-22
6166000	4.7898E-22
6168000	4.7884E-22
6170000	4.7870E-22
6172000	4.7856E-22
6174000	4.7842E-22
6176000	4.7828E-22
6178000	4.7815E-22
6180000	4.7801E-22
6182000	4.7787E-22
6184000	4.7773E-22
6186000	4.7759E-22
6188000	4.7745E-22
6190000	4.7731E-22
6192000	4.7717E-22
6194000	4.7704E-22
6196000	4.7690E-22
6198000	4.7676E-22
6200000	4.7662E-22
6202000	4.7648E-22
6204000	4.7634E-22
6206000	4.7621E-22
6208000	4.7607E-22
6210000	4.7593E-22
6212000	4.7579E-22
6214000	4.7566E-22
6216000	4.7552E-22
6218000	4.7538E-22
6220000	4.7524E-22
6222000	4.7511E-22
6224000	4.7497E-22
6226000	4.7483E-22
6228000	4.7469E-22
6230000	4.7456E-22
6232000	4.7442E-22
6234000	4.7428E-22
6236000	4.7415E-22
6238000	4.7401E-22
6240000	4.7387E-22
6242000	4.7374E-22
6244000	4.7360E-22
6246000	4.7346E-22
6248000	4.7333E-22
6250000	4.7319E-22
6252000	4.7306E-22
6254000	4.7292E-22
6256000	4.7278E-22
6258000	4.7265E-22
6260000	4.7251E-22
6262000	4.7238E-22
6264000	4.7224E-22
6266000	4.7211E-22
6268000	4.7197E-22
6270000	4.7184E-22
6272000	4.7170E-22
6274000	4.7157E-22
6276000	4.7143E-22
6278000	4.7130E-22
6280000	4.7116E-22
6282000	4.7103E-22
6284000	4.7089E-22
6286000	4.7076E-22
6288000	4.7062E-22
6290000	4.7049E-22
6292000	4.7035E-22
6294000	4.7022E-22
6296000	4.7008E-22
6298000	4.6995E-22
6300000	4.6982E-22
6302000	4.6968E-22
6304000	4.6955E-22
6306000	4.6941E-22
6308000	4.6928E-22
6310000	4.6915E-22
6312000	4.6901E-22
6314000	4.6888E-22
6316000	4.6875E-22
6318000	4.6861E-22
6320000	4.6848E-22
6322000	4.6835E-22
6324000	4.6821E-22
6326000	4.6808E-22
6328000	4.6795E-22
6330000	4.6781E-22
6332000	4.6768E-22
6334000	4.6755E-22
6336000	4.6742E-22
6338000	4.6728E-22
6340000	4.6715E-22
6342000	4.6702E-22
6344000	4.6689E-22
6346000	4.6675E-22
6348000	4.6662E-22
6350000	4.6649E-22
6352000	4.6636E-22
6354000	4.6623E-22
6356000	4.6609E-22
6358000	4.6596E-22
6360000	4.6583E-22
6362000	4.6570E-22
6364000	4.6557E-22
6366000	4.6544E-22
6368000	4.6530E-22
6370000	4.6517E-22
6372000	4.6504E-22
6374000	4.6491E-22
6376000	4.6478E-22
6378000	4.6465E-22
6380000	4.6452E-22
6382000	4.6439E-22
6384000	4.6426E-22
6386000	4.6413E-22
6388000	4.6399E-22
6390000	4.6386E-22
6392000	4.6373E-22
6394000	4.6360E-22
6396000	4.6347E-22
6398000	4.6334E-22
6400000	4.6321E-22
6402000	4.6308E-22
6404000	4.6295E-22
6406000	4.6282E-22
6408000	4.6269E-22
6410000	4.6256E-22
6412000	4.6243E-22
6414000	4.6230E-22
6416000	4.6217E-22
6418000	4.6205E-22
6420000	4.6192E-22
6422000	4.6179E-22
6424000	4.6166E-22
6426000	4.6153E-22
6428000	4.6140E-22
6430000	4.6127E-22
6432000	4.6114E-22
6434000	4.6101E-22
6436000	4.6088E-22
6438000	4.6076E-22
6440000	4.6063E-22
6442000	4.6050E-22
6444000	4.6037E-22
6446000	4.6024E-22
6448000	4.6011E-22
6450000	4.5998E-22
6452000	4.5986E-22
6454000	4.5973E-22
6456000	4.5960E-22
6458000	4.5947E-22
6460000	4.5934E-22
6462000	4.5922E-22
6464000	4.5909E-22
6466000	4.5896E-22
6468000	4.5883E-22
6470000	4.5871E-22
6472000	4.5858E-22
6474000	4.5845E-22
6476000	4.5832E-22
6478000	4.5820E-22
6480000	4.5807E-22
6482000	4.5794E-22
6484000	4.5782E-22
6486000	4.5769E-22
6488000	4.5756E-22
6490000	4.5744E-22
6492000	4.5731E-22
6494000	4.5718E-22
6496000	4.5706E-22
6498000	4.5693E-22
6500000	4.5680E-22
6502000	4.5668E-22
6504000	4.5655E-22
6506000	4.5642E-22
6508000	4.5630E-22
6510000	4.5617E-22
6512000	4.5605E-22
6514000	4.5592E-22
6516000	4.5580E-22
6518000	4.5567E-22
6520000	4.5554E-22
6522000	4.5542E-22
6524000	4.5529E-22
6526000	4.5517E-22
6528000	4.5504E-22
6530000	4.5492E-22
6532000	4.5479E-22
6534000	4.5467E-22
6536000	4.5454E-22
6538000	4.5442E-22
6540000	4.5429E-22
6542000	4.5417E-22
6544000	4.5404E-22
6546000	4.5392E-22
6548000	4.5379E-22
6550000	4.5367E-22
6552000	4.5354E-22
6554000	4.5342E-22
6556000	4.5330E-22
6558000	4.5317E-22
6560000	4.5305E-22
6562000	4.5292E-22
6564000	4.5280E-22
6566000	4.5267E-22
6568000	4.5255E-22
6570000	4.5243E-22
6572000	4.5230E-22
6574000	4.5218E-22
6576000	4.5206E-22
6578000	4.5193E-22
6580000	4.5181E-22
6582000	4.5169E-22
6584000	4.5156E-22
6586000	4.5144E-22
6588000	4.5132E-22
6590000	4.5119E-22
6592000	4.5107E-22
6594000	4.5095E-22
6596000	4.5082E-22
6598000	4.5070E-22
6600000	4.5058E-22
6602000	4.5046E-22
6604000	4.5033E-22
6606000	4.5021E-22
6608000	4.5009E-22
6610000	4.4997E-22
6612000	4.4984E-22
6614000	4.4972E-22
6616000	4.4960E-22
6618000	4.4948E-22
6620000	4.4936E-22
6622000	4.4923E-22
6624000	4.4911E-22
6626000	4.4899E-22
6628000	4.4887E-22
6630000	4.4875E-22
6632000	4.4862E-22
6634000	4.4850E-22
6636000	4.4838E-22
6638000	4.4826E-22
6640000	4.4814E-22
6642000	4.4802E-22
6644000	4.4790E-22
6646000	4.4777E-22
6648000	4.4765E-22
6650000	4.4753E-22
6652000	4.4741E-22
6654000	4.4729E-22
6656000	4.4717E-22
6658000	4.4705E-22
6660000	4.4693E-22
6662000	4.4681E-22
6664000	4.4669E-22
6666000	4.4657E-22
6668000	4.4645E-22
6670000	4.4633E-22
6672000	4.4621E-22
6674000	4.4609E-22
6676000	4.4597E-22
6678000	4.4585E-22
6680000	4.4573E-22
6682000	4.4561E-22
6684000	4.4549E-22
6686000	4.4537E-22
6688000	4.4525E-22
6690000	4.4513E-22
6692000	4.4501E-22
6694000	4.4489E-22
6696000	4.4477E-22
6698000	4.4465E-22
6700000	4.4453E-22
6702000	4.4441E-22
6704000	4.4429E-22
6706000	4.4417E-22
6708000	4.4405E-22
6710000	4.4394E-22
6712000	4.4382E-22
6714000	4.4370E-22
6716000	4.4358E-22
6718000	4.4346E-22
6720000	4.4334E-22
6722000	4.4322E-22
6724000	4.4310E-22
6726000	4.4299E-22
6728000	4.4287E-22
6730000	4.4275E-22
6732000	4.4263E-22
6734000	4.4251E-22
6736000	4.4239E-22
6738000	4.4228E-22
6740000	4.4216E-22
6742000	4.4204E-22
6744000	4.4192E-22
6746000	4.4181E-22
6748000	4.4169E-22
6750000	4.4157E-22
6752000	4.4145E-22
6754000	4.4134E-22
6756000	4.4122E-22
6758000	4.4110E-22
6760000	4.4098E-22
6762000	4.4087E-22
6764000	4.4075E-22
6766000	4.4063E-22
6768000	4.4051E-22
6770000	4.4040E-22
6772000	4.4028E-22
6774000	4.4016E-22
6776000	4.4005E-22
6778000	4.3993E-22
6780000	4.3981E-22
6782000	4.3970E-22
6784000	4.3958E-22
6786000	4.3946E-22
6788000	4.3935E-22
6790000	4.3923E-22
6792000	4.3912E-22
6794000	4.3900E-22
6796000	4.3888E-22
6798000	4.3877E-22
6800000	4.3865E-22
6802000	4.3854E-22
6804000	4.3842E-22
6806000	4.3830E-22
6808000	4.3819E-22
6810000	4.3807E-22
6812000	4.3796E-22
6814000	4.3784E-22
6816000	4.3773E-22
6818000	4.3761E-22
6820000	4.3750E-22
6822000	4.3738E-22
6824000	4.3726E-22
6826000	4.3715E-22
6828000	4.3703E-22
6830000	4.3692E-22
6832000	4.3680E-22
6834000	4.3669E-22
6836000	4.3657E-22
6838000	4.3646E-22
6840000	4.3635E-22
6842000	4.3623E-22
6844000	4.3612E-22
6846000	4.3600E-22
6848000	4.3589E-22
6850000	4.3577E-22
6852000	4.3566E-22
6854000	4.3554E-22
6856000	4.3543E-22
6858000	4.3532E-22
6860000	4.3520E-22
6862000	4.3509E-22
6864000	4.3497E-22
6866000	4.3486E-22
6868000	4.3475E-22
6870000	4.3463E-22
6872000	4.3452E-22
6874000	4.3441E-22
6876000	4.3429E-22
6878000	4.3418E-22
6880000	4.3407E-22
6882000	4.3395E-22
6884000	4.3384E-22
6886000	4.3373E-22
6888000	4.3361E-22
6890000	4.3350E-22
6892000	4.3339E-22
6894000	4.3327E-22
6896000	4.3316E-22
6898000	4.3305E-22
6900000	4.3293E-22
6902000	4.3282E-22
6904000	4.3271E-22
6906000	4.3260E-22
6908000	4.3248E-22
6910000	4.3237E-22
6912000	4.3226E-22
6914000	4.3215E-22
6916000	4.3203E-22
6918000	4.3192E-22
6920000	4.3181E-22
6922000	4.3170E-22
6924000	4.3159E-22
6926000	4.3147E-22
6928000	4.3136E-22
6930000	4.3125E-22
6932000	4.3114E-22
6934000	4.3103E-22
6936000	4.3091E-22
6938000	4.3080E-22
6940000	4.3069E-22
6942000	4.3058E-22
6944000	4.3047E-22
6946000	4.3036E-22
6948000	4.3025E-22
6950000	4.3013E-22
6952000	4.3002E-22
6954000	4.2991E-22
6956000	4.2980E-22
6958000	4.2969E-22
6960000	4.2958E-22
6962000	4.2947E-22
6964000	4.2936E-22
6966000	4.2925E-22
6968000	4.2914E-22
6970000	4.2903E-22
6972000	4.2891E-22
6974000	4.2880E-22
6976000	4.2869E-22
6978000	4.2858E-22
6980000	4.2847E-22
6982000	4.2836E-22
6984000	4.2825E-22
6986000	4.2814E-22
6988000	4.2803E-22
6990000	4.2792E-22
6992000	4.2781E-22
6994000	4.2770E-22
6996000	4.2759E-22
6998000	4.2748E-22
7000000	4.2737E-22
7002000	4.2726E-22
7004000	4.2715E-22
7006000	4.2704E-22
7008000	4.2693E-22
7010000	4.2682E-22
7012000	4.2672E-22
7014000	4.2661E-22
7016000	4.2650E-22
7018000	4.2639E-22
7020000	4.2628E-22
7022000	4.2617E-22
7024000	4.2606E-22
7026000	4.2595E-22
7028000	4.2584E-22
7030000	4.2573E-22
7032000	4.2562E-22
7034000	4.2552E-22
7036000	4.2541E-22
7038000	4.2530E-22
7040000	4.2519E-22
7042000	4.2508E-22
7044000	4.2497E-22
7046000	4.2486E-22
7048000	4.2476E-22
7050000	4.2465E-22
7052000	4.2454E-22
7054000	4.2443E-22
7056000	4.2432E-22
7058000	4.2422E-22
7060000	4.2411E-22
7062000	4.2400E-22
7064000	4.2389E-22
7066000	4.2378E-22
7068000	4.2368E-22
7070000	4.2357E-22
7072000	4.2346E-22
7074000	4.2335E-22
7076000	4.2325E-22
7078000	4.2314E-22
7080000	4.2303E-22
7082000	4.2292E-22
7084000	4.2282E-22
7086000	4.2271E-22
7088000	4.2260E-22
7090000	4.2249E-22
7092000	4.2239E-22
7094000	4.2228E-22
7096000	4.2217E-22
7098000	4.2207E-22
7100000	4.2196E-22
7102000	4.2185E-22
7104000	4.2175E-22
7106000	4.2164E-22
7108000	4.2153E-22
7110000	4.2143E-22
7112000	4.2132E-22
7114000	4.2121E-22
7116000	4.2111E-22
7118000	4.2100E-22
7120000	4.2089E-22
7122000	4.2079E-22
7124000	4.2068E-22
7126000	4.2058E-22
7128000	4.2047E-22
7130000	4.2036E-22
7132000	4.2026E-22
7134000	4.2015E-22
7136000	4.2005E-22
7138000	4.1994E-22
7140000	4.1984E-22
7142000	4.1973E-22
7144000	4.1962E-22
7146000	4.1952E-22
7148000	4.1941E-22
7150000	4.1931E-22
7152000	4.1920E-22
7154000	4.1910E-22
7156000	4.1899E-22
7158000	4.1889E-22
7160000	4.1878E-22
7162000	4.1868E-22
7164000	4.1857E-22
7166000	4.1847E-22
7168000	4.1836E-22
7170000	4.1826E-22
7172000	4.1815E-22
7174000	4.1805E-22
7176000	4.1794E-22
7178000	4.1784E-22
7180000	4.1773E-22
7182000	4.1763E-22
7184000	4.1752E-22
7186000	4.1742E-22
7188000	4.1732E-22
7190000	4.1721E-22
7192000	4.1711E-22
7194000	4.1700E-22
7196000	4.1690E-22
7198000	4.1679E-22
7200000	4.1669E-22
7202000	4.1659E-22
7204000	4.1648E-22
7206000	4.1638E-22
7208000	4.1627E-22
7210000	4.1617E-22
7212000	4.1607E-22
7214000	4.1596E-22
7216000	4.1586E-22
7218000	4.1576E-22
7220000	4.1565E-22
7222000	4.1555E-22
7224000	4.1545E-22
7226000	4.1534E-22
7228000	4.1524E-22
7230000	4.1514E-22
7232000	4.1503E-22
7234000	4.1493E-22
7236000	4.1483E-22
7238000	4.1472E-22
7240000	4.1462E-22
7242000	4.1452E-22
7244000	4.1442E-22
7246000	4.1431E-22
7248000	4.1421E-22
7250000	4.1411E-22
7252000	4.1400E-22
7254000	4.1390E-22
7256000	4.1380E-22
7258000	4.1370E-22
7260000	4.1360E-22
7262000	4.1349E-22
7264000	4.1339E-22
7266000	4.1329E-22
7268000	4.1319E-22
7270000	4.1308E-22
7272000	4.1298E-22
7274000	4.1288E-22
7276000	4.1278E-22
7278000	4.1268E-22
7280000	4.1257E-22
7282000	4.1247E-22
7284000	4.1237E-22
7286000	4.1227E-22
7288000	4.1217E-22
7290000	4.1207E-22
7292000	4.1196E-22
7294000	4.1186E-22
7296000	4.1176E-22
7298000	4.1166E-22
7300000	4.1156E-22
7302000	4.1146E-22
7304000	4.1136E-22
7306000	4.1125E-22
7308000	4.1115E-22
7310000	4.1105E-22
7312000	4.1095E-22
7314000	4.1085E-22
7316000	4.1075E-22
7318000	4.1065E-22
7320000	4.1055E-22
7322000	4.1045E-22
7324000	4.1035E-22
7326000	4.1025E-22
7328000	4.1015E-22
7330000	4.1004E-22
7332000	4.0994E-22
7334000	4.0984E-22
7336000	4.0974E-22
7338000	4.0964E-22
7340000	4.0954E-22
7342000	4.0944E-22
7344000	4.0934E-22
7346000	4.0924E-22
7348000	4.0914E-22
7350000	4.0904E-22
7352000	4.0894E-22
7354000	4.0884E-22
7356000	4.0874E-22
7358000	4.0864E-22
7360000	4.0854E-22
7362000	4.0844E-22
7364000	4.0834E-22
7366000	4.0824E-22
7368000	4.0814E-22
7370000	4.0804E-22
7372000	4.0795E-22
7374000	4.0785E-22
7376000	4.0775E-22
7378000	4.0765E-22
7380000	4.0755E-22
7382000	4.0745E-22
7384000	4.0735E-22
7386000	4.0725E-22
7388000	4.0715E-22
7390000	4.0705E-22
7392000	4.0695E-22
7394000	4.0685E-22
7396000	4.0676E-22
7398000	4.0666E-22
7400000	4.0656E-22
7402000	4.0646E-22
7404000	4.0636E-22
7406000	4.0626E-22
7408000	4.0616E-22
7410000	4.0606E-22
7412000	4.0597E-22
7414000	4.0587E-22
7416000	4.0577E-22
7418000	4.0567E-22
7420000	4.0557E-22
7422000	4.0548E-22
7424000	4.0538E-22
7426000	4.0528E-22
7428000	4.0518E-22
7430000	4.0508E-22
7432000	4.0498E-22
7434000	4.0489E-22
7436000	4.0479E-22
7438000	4.0469E-22
7440000	4.0459E-22
7442000	4.0450E-22
7444000	4.0440E-22
7446000	4.0430E-22
7448000	4.0420E-22
7450000	4.0411E-22
7452000	4.0401E-22
7454000	4.0391E-22
7456000	4.0381E-22
7458000	4.0372E-22
7460000	4.0362E-22
7462000	4.0352E-22
7464000	4.0342E-22
7466000	4.0333E-22
7468000	4.0323E-22
7470000	4.0313E-22
7472000	4.0304E-22
7474000	4.0294E-22
7476000	4.0284E-22
7478000	4.0275E-22
7480000	4.0265E-22
7482000	4.0255E-22
7484000	4.0246E-22
7486000	4.0236E-22
7488000	4.0226E-22
7490000	4.0217E-22
7492000	4.0207E-22
7494000	4.0197E-22
7496000	4.0188E-22
7498000	4.0178E-22
7500000	4.0168E-22
7502000	4.0159E-22
7504000	4.0149E-22
7506000	4.0140E-22
7508000	4.0130E-22
7510000	4.0120E-22
7512000	4.0111E-22
7514000	4.0101E-22
7516000	4.0092E-22
7518000	4.0082E-22
7520000	4.0072E-22
7522000	4.0063E-22
7524000	4.0053E-22
7526000	4.0044E-22
7528000	4.0034E-22
7530000	4.0025E-22
7532000	4.0015E-22
7534000	4.0006E-22
7536000	3.9996E-22
7538000	3.9986E-22
7540000	3.9977E-22
7542000	3.9967E-22
7544000	3.9958E-22
7546000	3.9948E-22
7548000	3.9939E-22
7550000	3.9929E-22
7552000	3.9920E-22
7554000	3.9910E-22
7556000	3.9901E-22
7558000	3.9891E-22
7560000	3.9882E-22
7562000	3.9872E-22
7564000	3.9863E-22
7566000	3.9854E-22
7568000	3.9844E-22
7570000	3.9835E-22
7572000	3.9825E-22
7574000	3.9816E-22
7576000	3.9806E-22
7578000	3.9797E-22
7580000	3.9787E-22
7582000	3.9778E-22
7584000	3.9769E-22
7586000	3.9759E-22
7588000	3.9750E-22
7590000	3.9740E-22
7592000	3.9731E-22
7594000	3.9721E-22
7596000	3.9712E-22
7598000	3.9703E-22
7600000	3.9693E-22
7602000	3.9684E-22
7604000	3.9675E-22
7606000	3.9665E-22
7608000	3.9656E-22
7610000	3.9646E-22
7612000	3.9637E-22
7614000	3.9628E-22
7616000	3.9618E-22
7618000	3.9609E-22
7620000	3.9600E-22
7622000	3.9590E-22
7624000	3.9581E-22
7626000	3.9572E-22
7628000	3.9562E-22
7630000	3.9553E-22
7632000	3.9544E-22
7634000	3.9534E-22
7636000	3.9525E-22
7638000	3.9516E-22
7640000	3.9507E-22
7642000	3.9497E-22
7644000	3.9488E-22
7646000	3.9479E-22
7648000	3.9469E-22
7650000	3.9460E-22
7652000	3.9451E-22
7654000	3.9442E-22
7656000	3.9432E-22
7658000	3.9423E-22
7660000	3.9414E-22
7662000	3.9405E-22
7664000	3.9395E-22
7666000	3.9386E-22
7668000	3.9377E-22
7670000	3.9368E-22
7672000	3.9358E-22
7674000	3.9349E-22
7676000	3.9340E-22
7678000	3.9331E-22
7680000	3.9322E-22
7682000	3.9312E-22
7684000	3.9303E-22
7686000	3.9294E-22
7688000	3.9285E-22
7690000	3.9276E-22
7692000	3.9267E-22
7694000	3.9257E-22
7696000	3.9248E-22
7698000	3.9239E-22
7700000	3.9230E-22
7702000	3.9221E-22
7704000	3.9212E-22
7706000	3.9202E-22
7708000	3.9193E-22
7710000	3.9184E-22
7712000	3.9175E-22
7714000	3.9166E-22
7716000	3.9157E-22
7718000	3.9148E-22
7720000	3.9139E-22
7722000	3.9129E-22
7724000	3.9120E-22
7726000	3.9111E-22
7728000	3.9102E-22
7730000	3.9093E-22
7732000	3.9084E-22
7734000	3.9075E-22
7736000	3.9066E-22
7738000	3.9057E-22
7740000	3.9048E-22
7742000	3.9039E-22
7744000	3.9030E-22
7746000	3.9021E-22
7748000	3.9012E-22
7750000	3.9002E-22
7752000	3.8993E-22
7754000	3.8984E-22
7756000	3.8975E-22
7758000	3.8966E-22
7760000	3.8957E-22
7762000	3.8948E-22
7764000	3.8939E-22
7766000	3.8930E-22
7768000	3.8921E-22
7770000	3.8912E-22
7772000	3.8903E-22
7774000	3.8894E-22
7776000	3.8885E-22
7778000	3.8876E-22
7780000	3.8867E-22
7782000	3.8858E-22
7784000	3.8849E-22
7786000	3.8840E-22
7788000	3.8831E-22
7790000	3.8823E-22
7792000	3.8814E-22
7794000	3.8805E-22
7796000	3.8796E-22
7798000	3.8787E-22
7800000	3.8778E-22
7802000	3.8769E-22
7804000	3.8760E-22
7806000	3.8751E-22
7808000	3.8742E-22
7810000	3.8733E-22
7812000	3.8724E-22
7814000	3.8715E-22
7816000	3.8706E-22
7818000	3.8698E-22
7820000	3.8689E-22
7822000	3.8680E-22
7824000	3.8671E-22
7826000	3.8662E-22
7828000	3.8653E-22
7830000	3.8644E-22
7832000	3.8635E-22
7834000	3.8627E-22
7836000	3.8618E-22
7838000	3.8609E-22
7840000	3.8600E-22
7842000	3.8591E-22
7844000	3.8582E-22
7846000	3.8574E-22
7848000	3.8565E-22
7850000	3.8556E-22
7852000	3.8547E-22
7854000	3.8538E-22
7856000	3.8529E-22
7858000	3.8521E-22
7860000	3.8512E-22
7862000	3.8503E-22
7864000	3.8494E-22
7866000	3.8485E-22
7868000	3.8477E-22
7870000	3.8468E-22
7872000	3.8459E-22
7874000	3.8450E-22
7876000	3.8442E-22
7878000	3.8433E-22
7880000	3.8424E-22
7882000	3.8415E-22
7884000	3.8406E-22
7886000	3.8398E-22
7888000	3.8389E-22
7890000	3.8380E-22
7892000	3.8371E-22
7894000	3.8363E-22
7896000	3.8354E-22
7898000	3.8345E-22
7900000	3.8337E-22
7902000	3.8328E-22
7904000	3.8319E-22
7906000	3.8310E-22
7908000	3.8302E-22
7910000	3.8293E-22
7912000	3.8284E-22
7914000	3.8276E-22
7916000	3.8267E-22
7918000	3.8258E-22
7920000	3.8250E-22
7922000	3.8241E-22
7924000	3.8232E-22
7926000	3.8224E-22
7928000	3.8215E-22
7930000	3.8206E-22
7932000	3.8198E-22
7934000	3.8189E-22
7936000	3.8180E-22
7938000	3.8172E-22
7940000	3.8163E-22
7942000	3.8154E-22
7944000	3.8146E-22
7946000	3.8137E-22
7948000	3.8129E-22
7950000	3.8120E-22
7952000	3.8111E-22
7954000	3.8103E-22
7956000	3.8094E-22
7958000	3.8086E-22
7960000	3.8077E-22
7962000	3.8068E-22
7964000	3.8060E-22
7966000	3.8051E-22
7968000	3.8043E-22
7970000	3.8034E-22
7972000	3.8025E-22
7974000	3.8017E-22
7976000	3.8008E-22
7978000	3.8000E-22
7980000	3.7991E-22
7982000	3.7983E-22
7984000	3.7974E-22
7986000	3.7966E-22
7988000	3.7957E-22
7990000	3.7948E-22
7992000	3.7940E-22
7994000	3.7931E-22
7996000	3.7923E-22
7998000	3.7914E-22
8000000	3.7906E-22