2.00E+03	3.7867E-21
4.00E+03	6.9792E-21
6.00E+03	9.9305E-21
8.00E+03	1.2694E-20
1.00E+04	1.5290E-20
1.20E+04	1.7728E-20
1.40E+04	2.0015E-20
1.60E+04	2.2157E-20
1.80E+04	2.4159E-20
2.00E+04	2.6025E-20
2.20E+04	2.7761E-20
2.40E+04	2.9373E-20
2.60E+04	3.0866E-20
2.80E+04	3.2245E-20
3.00E+04	3.3517E-20
3.20E+04	3.4687E-20
3.40E+04	3.5761E-20
3.60E+04	3.6745E-20
3.80E+04	3.7643E-20
4.00E+04	3.8462E-20
4.20E+04	3.9206E-20
4.40E+04	3.9880E-20
4.60E+04	4.0488E-20
4.80E+04	4.1036E-20
5.00E+04	4.1526E-20
5.20E+04	4.1964E-20
5.40E+04	4.2353E-20
5.60E+04	4.2695E-20
5.80E+04	4.2996E-20
6.00E+04	4.3256E-20
6.20E+04	4.3480E-20
6.40E+04	4.3671E-20
6.60E+04	4.3829E-20
6.80E+04	4.3959E-20
7.00E+04	4.4062E-20
7.20E+04	4.4140E-20
7.40E+04	4.4194E-20
7.60E+04	4.4228E-20
7.80E+04	4.4242E-20
8.00E+04	4.4238E-20
8.20E+04	4.4217E-20
8.40E+04	4.4180E-20
8.60E+04	4.4130E-20
8.80E+04	4.4066E-20
9.00E+04	4.3990E-20
9.20E+04	4.3904E-20
9.40E+04	4.3807E-20
9.60E+04	4.3701E-20
9.80E+04	4.3586E-20
1.00E+05	4.3464E-20
1.02E+05	4.3334E-20
1.04E+05	4.3198E-20
1.06E+05	4.3056E-20
1.08E+05	4.2909E-20
1.10E+05	4.2757E-20
1.12E+05	4.2601E-20
1.14E+05	4.2440E-20
1.16E+05	4.2276E-20
1.18E+05	4.2109E-20
1.20E+05	4.1939E-20
1.22E+05	4.1766E-20
1.24E+05	4.1591E-20
1.26E+05	4.1414E-20
1.28E+05	4.1235E-20
1.30E+05	4.1055E-20
1.32E+05	4.0874E-20
1.34E+05	4.0691E-20
1.36E+05	4.0508E-20
1.38E+05	4.0324E-20
1.40E+05	4.0140E-20
1.42E+05	3.9955E-20
1.44E+05	3.9769E-20
1.46E+05	3.9584E-20
1.48E+05	3.9399E-20
1.50E+05	3.9214E-20
1.52E+05	3.9029E-20
1.54E+05	3.8844E-20
1.56E+05	3.8660E-20
1.58E+05	3.8476E-20
1.60E+05	3.8292E-20
1.62E+05	3.8110E-20
1.64E+05	3.7928E-20
1.66E+05	3.7746E-20
1.68E+05	3.7566E-20
1.70E+05	3.7386E-20
1.72E+05	3.7207E-20
1.74E+05	3.7029E-20
1.76E+05	3.6852E-20
1.78E+05	3.6676E-20
1.80E+05	3.6501E-20
1.82E+05	3.6327E-20
1.84E+05	3.6154E-20
1.86E+05	3.5982E-20
1.88E+05	3.5811E-20
1.90E+05	3.5641E-20
1.92E+05	3.5473E-20
1.94E+05	3.5305E-20
1.96E+05	3.5139E-20
1.98E+05	3.4974E-20
2.00E+05	3.4810E-20
2.02E+05	3.4647E-20
2.04E+05	3.4485E-20
2.06E+05	3.4325E-20
2.08E+05	3.4166E-20
2.10E+05	3.4008E-20
2.12E+05	3.3851E-20
2.14E+05	3.3695E-20
2.16E+05	3.3540E-20
2.18E+05	3.3387E-20
2.20E+05	3.3235E-20
2.22E+05	3.3084E-20
2.24E+05	3.2934E-20
2.26E+05	3.2786E-20
2.28E+05	3.2638E-20
2.30E+05	3.2492E-20
2.32E+05	3.2347E-20
2.34E+05	3.2203E-20
2.36E+05	3.2060E-20
2.38E+05	3.1918E-20
2.40E+05	3.1778E-20
2.42E+05	3.1639E-20
2.44E+05	3.1500E-20
2.46E+05	3.1363E-20
2.48E+05	3.1227E-20
2.50E+05	3.1092E-20
2.52E+05	3.0958E-20
2.54E+05	3.0825E-20
2.56E+05	3.0694E-20
2.58E+05	3.0563E-20
2.60E+05	3.0433E-20
2.62E+05	3.0305E-20
2.64E+05	3.0177E-20
2.66E+05	3.0051E-20
2.68E+05	2.9925E-20
2.70E+05	2.9801E-20
2.72E+05	2.9678E-20
2.74E+05	2.9555E-20
2.76E+05	2.9434E-20
2.78E+05	2.9313E-20
2.80E+05	2.9194E-20
2.82E+05	2.9075E-20
2.84E+05	2.8957E-20
2.86E+05	2.8841E-20
2.88E+05	2.8725E-20
2.90E+05	2.8610E-20
2.92E+05	2.8496E-20
2.94E+05	2.8383E-20
2.96E+05	2.8271E-20
2.98E+05	2.8160E-20
3.00E+05	2.8050E-20
3.02E+05	2.7940E-20
3.04E+05	2.7831E-20
3.06E+05	2.7724E-20
3.08E+05	2.7617E-20
3.10E+05	2.7511E-20
3.12E+05	2.7405E-20
3.14E+05	2.7301E-20
3.16E+05	2.7197E-20
3.18E+05	2.7094E-20
3.20E+05	2.6992E-20
3.22E+05	2.6891E-20
3.24E+05	2.6791E-20
3.26E+05	2.6691E-20
3.28E+05	2.6592E-20
3.30E+05	2.6494E-20
3.32E+05	2.6396E-20
3.34E+05	2.6299E-20
3.36E+05	2.6204E-20
3.38E+05	2.6108E-20
3.40E+05	2.6014E-20
3.42E+05	2.5920E-20
3.44E+05	2.5827E-20
3.46E+05	2.5734E-20
3.48E+05	2.5642E-20
3.50E+05	2.5551E-20
3.52E+05	2.5461E-20
3.54E+05	2.5371E-20
3.56E+05	2.5282E-20
3.58E+05	2.5194E-20
3.60E+05	2.5106E-20
3.62E+05	2.5019E-20
3.64E+05	2.4932E-20
3.66E+05	2.4846E-20
3.68E+05	2.4761E-20
3.70E+05	2.4676E-20
3.72E+05	2.4592E-20
3.74E+05	2.4509E-20
3.76E+05	2.4426E-20
3.78E+05	2.4344E-20
3.80E+05	2.4262E-20
3.82E+05	2.4181E-20
3.84E+05	2.4100E-20
3.86E+05	2.4020E-20
3.88E+05	2.3941E-20
3.90E+05	2.3862E-20
3.92E+05	2.3784E-20
3.94E+05	2.3706E-20
3.96E+05	2.3629E-20
3.98E+05	2.3552E-20
4.00E+05	2.3476E-20
4.02E+05	2.3400E-20
4.04E+05	2.3325E-20
4.06E+05	2.3250E-20
4.08E+05	2.3176E-20
4.10E+05	2.3103E-20
4.12E+05	2.3029E-20
4.14E+05	2.2957E-20
4.16E+05	2.2885E-20
4.18E+05	2.2813E-20
4.20E+05	2.2742E-20
4.22E+05	2.2671E-20
4.24E+05	2.2601E-20
4.26E+05	2.2531E-20
4.28E+05	2.2462E-20
4.30E+05	2.2393E-20
4.32E+05	2.2324E-20
4.34E+05	2.2256E-20
4.36E+05	2.2189E-20
4.38E+05	2.2122E-20
4.40E+05	2.2055E-20
4.42E+05	2.1989E-20
4.44E+05	2.1923E-20
4.46E+05	2.1858E-20
4.48E+05	2.1793E-20
4.50E+05	2.1728E-20
4.52E+05	2.1664E-20
4.54E+05	2.1600E-20
4.56E+05	2.1537E-20
4.58E+05	2.1474E-20
4.60E+05	2.1412E-20
4.62E+05	2.1349E-20
4.64E+05	2.1288E-20
4.66E+05	2.1226E-20
4.68E+05	2.1165E-20
4.70E+05	2.1105E-20
4.72E+05	2.1044E-20
4.74E+05	2.0985E-20
4.76E+05	2.0925E-20
4.78E+05	2.0866E-20
4.80E+05	2.0807E-20
4.82E+05	2.0749E-20
4.84E+05	2.0691E-20
4.86E+05	2.0633E-20
4.88E+05	2.0576E-20
4.90E+05	2.0518E-20
4.92E+05	2.0462E-20
4.94E+05	2.0405E-20
4.96E+05	2.0349E-20
4.98E+05	2.0294E-20
5.00E+05	2.0238E-20
5.02E+05	2.0183E-20
5.04E+05	2.0129E-20
5.06E+05	2.0074E-20
5.08E+05	2.0020E-20
5.10E+05	1.9966E-20
5.12E+05	1.9913E-20
5.14E+05	1.9860E-20
5.16E+05	1.9807E-20
5.18E+05	1.9754E-20
5.20E+05	1.9702E-20
5.22E+05	1.9650E-20
5.24E+05	1.9599E-20
5.26E+05	1.9547E-20
5.28E+05	1.9496E-20
5.30E+05	1.9445E-20
5.32E+05	1.9395E-20
5.34E+05	1.9345E-20
5.36E+05	1.9295E-20
5.38E+05	1.9245E-20
5.40E+05	1.9196E-20
5.42E+05	1.9147E-20
5.44E+05	1.9098E-20
5.46E+05	1.9049E-20
5.48E+05	1.9001E-20
5.50E+05	1.8953E-20
5.52E+05	1.8905E-20
5.54E+05	1.8858E-20
5.56E+05	1.8811E-20
5.58E+05	1.8764E-20
5.60E+05	1.8717E-20
5.62E+05	1.8671E-20
5.64E+05	1.8624E-20
5.66E+05	1.8578E-20
5.68E+05	1.8533E-20
5.70E+05	1.8487E-20
5.72E+05	1.8442E-20
5.74E+05	1.8397E-20
5.76E+05	1.8352E-20
5.78E+05	1.8308E-20
5.80E+05	1.8264E-20
5.82E+05	1.8219E-20
5.84E+05	1.8176E-20
5.86E+05	1.8132E-20
5.88E+05	1.8089E-20
5.90E+05	1.8046E-20
5.92E+05	1.8003E-20
5.94E+05	1.7960E-20
5.96E+05	1.7918E-20
5.98E+05	1.7875E-20
6.00E+05	1.7833E-20
6.02E+05	1.7791E-20
6.04E+05	1.7750E-20
6.06E+05	1.7708E-20
6.08E+05	1.7667E-20
6.10E+05	1.7626E-20
6.12E+05	1.7586E-20
6.14E+05	1.7545E-20
6.16E+05	1.7505E-20
6.18E+05	1.7464E-20
6.20E+05	1.7425E-20
6.22E+05	1.7385E-20
6.24E+05	1.7345E-20
6.26E+05	1.7306E-20
6.28E+05	1.7267E-20
6.30E+05	1.7228E-20
6.32E+05	1.7189E-20
6.34E+05	1.7150E-20
6.36E+05	1.7112E-20
6.38E+05	1.7074E-20
6.40E+05	1.7036E-20
6.42E+05	1.6998E-20
6.44E+05	1.6960E-20
6.46E+05	1.6923E-20
6.48E+05	1.6885E-20
6.50E+05	1.6848E-20
6.52E+05	1.6811E-20
6.54E+05	1.6775E-20
6.56E+05	1.6738E-20
6.58E+05	1.6702E-20
6.60E+05	1.6665E-20
6.62E+05	1.6629E-20
6.64E+05	1.6593E-20
6.66E+05	1.6558E-20
6.68E+05	1.6522E-20
6.70E+05	1.6487E-20
6.72E+05	1.6451E-20
6.74E+05	1.6416E-20
6.76E+05	1.6382E-20
6.78E+05	1.6347E-20
6.80E+05	1.6312E-20
6.82E+05	1.6278E-20
6.84E+05	1.6244E-20
6.86E+05	1.6209E-20
6.88E+05	1.6175E-20
6.90E+05	1.6142E-20
6.92E+05	1.6108E-20
6.94E+05	1.6075E-20
6.96E+05	1.6041E-20
6.98E+05	1.6008E-20
7.00E+05	1.5975E-20
7.02E+05	1.5942E-20
7.04E+05	1.5909E-20
7.06E+05	1.5877E-20
7.08E+05	1.5844E-20
7.10E+05	1.5812E-20
7.12E+05	1.5780E-20
7.14E+05	1.5748E-20
7.16E+05	1.5716E-20
7.18E+05	1.5684E-20
7.20E+05	1.5653E-20
7.22E+05	1.5621E-20
7.24E+05	1.5590E-20
7.26E+05	1.5559E-20
7.28E+05	1.5528E-20
7.30E+05	1.5497E-20
7.32E+05	1.5466E-20
7.34E+05	1.5436E-20
7.36E+05	1.5405E-20
7.38E+05	1.5375E-20
7.40E+05	1.5344E-20
7.42E+05	1.5314E-20
7.44E+05	1.5284E-20
7.46E+05	1.5255E-20
7.48E+05	1.5225E-20
7.50E+05	1.5195E-20
7.52E+05	1.5166E-20
7.54E+05	1.5136E-20
7.56E+05	1.5107E-20
7.58E+05	1.5078E-20
7.60E+05	1.5049E-20
7.62E+05	1.5020E-20
7.64E+05	1.4992E-20
7.66E+05	1.4963E-20
7.68E+05	1.4934E-20
7.70E+05	1.4906E-20
7.72E+05	1.4878E-20
7.74E+05	1.4850E-20
7.76E+05	1.4822E-20
7.78E+05	1.4794E-20
7.80E+05	1.4766E-20
7.82E+05	1.4738E-20
7.84E+05	1.4711E-20
7.86E+05	1.4683E-20
7.88E+05	1.4656E-20
7.90E+05	1.4629E-20
7.92E+05	1.4602E-20
7.94E+05	1.4575E-20
7.96E+05	1.4548E-20
7.98E+05	1.4521E-20
8.00E+05	1.4494E-20
8.02E+05	1.4468E-20
8.04E+05	1.4441E-20
8.06E+05	1.4415E-20
8.08E+05	1.4389E-20
8.10E+05	1.4362E-20
8.12E+05	1.4336E-20
8.14E+05	1.4311E-20
8.16E+05	1.4285E-20
8.18E+05	1.4259E-20
8.20E+05	1.4233E-20
8.22E+05	1.4208E-20
8.24E+05	1.4182E-20
8.26E+05	1.4157E-20
8.28E+05	1.4132E-20
8.30E+05	1.4107E-20
8.32E+05	1.4082E-20
8.34E+05	1.4057E-20
8.36E+05	1.4032E-20
8.38E+05	1.4007E-20
8.40E+05	1.3982E-20
8.42E+05	1.3958E-20
8.44E+05	1.3933E-20
8.46E+05	1.3909E-20
8.48E+05	1.3885E-20
8.50E+05	1.3861E-20
8.52E+05	1.3837E-20
8.54E+05	1.3813E-20
8.56E+05	1.3789E-20
8.58E+05	1.3765E-20
8.60E+05	1.3741E-20
8.62E+05	1.3717E-20
8.64E+05	1.3694E-20
8.66E+05	1.3670E-20
8.68E+05	1.3647E-20
8.70E+05	1.3624E-20
8.72E+05	1.3601E-20
8.74E+05	1.3578E-20
8.76E+05	1.3554E-20
8.78E+05	1.3532E-20
8.80E+05	1.3509E-20
8.82E+05	1.3486E-20
8.84E+05	1.3463E-20
8.86E+05	1.3441E-20
8.88E+05	1.3418E-20
8.90E+05	1.3396E-20
8.92E+05	1.3373E-20
8.94E+05	1.3351E-20
8.96E+05	1.3329E-20
8.98E+05	1.3307E-20
9.00E+05	1.3285E-20
9.02E+05	1.3263E-20
9.04E+05	1.3241E-20
9.06E+05	1.3219E-20
9.08E+05	1.3197E-20
9.10E+05	1.3176E-20
9.12E+05	1.3154E-20
9.14E+05	1.3133E-20
9.16E+05	1.3111E-20
9.18E+05	1.3090E-20
9.20E+05	1.3069E-20
9.22E+05	1.3048E-20
9.24E+05	1.3027E-20
9.26E+05	1.3006E-20
9.28E+05	1.2985E-20
9.30E+05	1.2964E-20
9.32E+05	1.2943E-20
9.34E+05	1.2922E-20
9.36E+05	1.2902E-20
9.38E+05	1.2881E-20
9.40E+05	1.2860E-20
9.42E+05	1.2840E-20
9.44E+05	1.2820E-20
9.46E+05	1.2799E-20
9.48E+05	1.2779E-20
9.50E+05	1.2759E-20
9.52E+05	1.2739E-20
9.54E+05	1.2719E-20
9.56E+05	1.2699E-20
9.58E+05	1.2679E-20
9.60E+05	1.2659E-20
9.62E+05	1.2640E-20
9.64E+05	1.2620E-20
9.66E+05	1.2600E-20
9.68E+05	1.2581E-20
9.70E+05	1.2561E-20
9.72E+05	1.2542E-20
9.74E+05	1.2523E-20
9.76E+05	1.2503E-20
9.78E+05	1.2484E-20
9.80E+05	1.2465E-20
9.82E+05	1.2446E-20
9.84E+05	1.2427E-20
9.86E+05	1.2408E-20
9.88E+05	1.2389E-20
9.90E+05	1.2370E-20
9.92E+05	1.2351E-20
9.94E+05	1.2333E-20
9.96E+05	1.2314E-20
9.98E+05	1.2295E-20
1.00E+06	1.2277E-20
1.00E+06	1.2258E-20
1.00E+06	1.2240E-20
1.01E+06	1.2222E-20
1.01E+06	1.2203E-20
1.01E+06	1.2185E-20
1.01E+06	1.2167E-20
1.01E+06	1.2149E-20
1.02E+06	1.2131E-20
1.02E+06	1.2113E-20
1.02E+06	1.2095E-20
1.02E+06	1.2077E-20
1.02E+06	1.2059E-20
1.03E+06	1.2042E-20
1.03E+06	1.2024E-20
1.03E+06	1.2006E-20
1.03E+06	1.1989E-20
1.03E+06	1.1971E-20
1.04E+06	1.1954E-20
1.04E+06	1.1936E-20
1.04E+06	1.1919E-20
1.04E+06	1.1902E-20
1.04E+06	1.1885E-20
1.05E+06	1.1867E-20
1.05E+06	1.1850E-20
1.05E+06	1.1833E-20
1.05E+06	1.1816E-20
1.05E+06	1.1799E-20
1.06E+06	1.1782E-20
1.06E+06	1.1765E-20
1.06E+06	1.1749E-20
1.06E+06	1.1732E-20
1.06E+06	1.1715E-20
1.07E+06	1.1698E-20
1.07E+06	1.1682E-20
1.07E+06	1.1665E-20
1.07E+06	1.1649E-20
1.07E+06	1.1632E-20
1.08E+06	1.1616E-20
1.08E+06	1.1600E-20
1.08E+06	1.1583E-20
1.08E+06	1.1567E-20
1.08E+06	1.1551E-20
1.09E+06	1.1535E-20
1.09E+06	1.1519E-20
1.09E+06	1.1503E-20
1.09E+06	1.1487E-20
1.09E+06	1.1471E-20
1.10E+06	1.1455E-20
1.10E+06	1.1439E-20
1.10E+06	1.1423E-20
1.10E+06	1.1407E-20
1.10E+06	1.1392E-20
1.11E+06	1.1376E-20
1.11E+06	1.1360E-20
1.11E+06	1.1345E-20
1.11E+06	1.1329E-20
1.11E+06	1.1314E-20
1.12E+06	1.1298E-20
1.12E+06	1.1283E-20
1.12E+06	1.1268E-20
1.12E+06	1.1252E-20
1.12E+06	1.1237E-20
1.13E+06	1.1222E-20
1.13E+06	1.1207E-20
1.13E+06	1.1192E-20
1.13E+06	1.1177E-20
1.13E+06	1.1162E-20
1.14E+06	1.1147E-20
1.14E+06	1.1132E-20
1.14E+06	1.1117E-20
1.14E+06	1.1102E-20
1.14E+06	1.1087E-20
1.15E+06	1.1072E-20
1.15E+06	1.1058E-20
1.15E+06	1.1043E-20
1.15E+06	1.1028E-20
1.15E+06	1.1014E-20
1.16E+06	1.0999E-20
1.16E+06	1.0985E-20
1.16E+06	1.0970E-20
1.16E+06	1.0956E-20
1.16E+06	1.0942E-20
1.17E+06	1.0927E-20
1.17E+06	1.0913E-20
1.17E+06	1.0899E-20
1.17E+06	1.0885E-20
1.17E+06	1.0870E-20
1.18E+06	1.0856E-20
1.18E+06	1.0842E-20
1.18E+06	1.0828E-20
1.18E+06	1.0814E-20
1.18E+06	1.0800E-20
1.19E+06	1.0786E-20
1.19E+06	1.0772E-20
1.19E+06	1.0758E-20
1.19E+06	1.0745E-20
1.19E+06	1.0731E-20
1.20E+06	1.0717E-20
1.20E+06	1.0703E-20
1.20E+06	1.0690E-20
1.20E+06	1.0676E-20
1.20E+06	1.0663E-20
1.21E+06	1.0649E-20
1.21E+06	1.0636E-20
1.21E+06	1.0622E-20
1.21E+06	1.0609E-20
1.21E+06	1.0595E-20
1.22E+06	1.0582E-20
1.22E+06	1.0569E-20
1.22E+06	1.0555E-20
1.22E+06	1.0542E-20
1.22E+06	1.0529E-20
1.23E+06	1.0516E-20
1.23E+06	1.0503E-20
1.23E+06	1.0489E-20
1.23E+06	1.0476E-20
1.23E+06	1.0463E-20
1.24E+06	1.0450E-20
1.24E+06	1.0437E-20
1.24E+06	1.0425E-20
1.24E+06	1.0412E-20
1.24E+06	1.0399E-20
1.25E+06	1.0386E-20
1.25E+06	1.0373E-20
1.25E+06	1.0360E-20
1.25E+06	1.0348E-20
1.25E+06	1.0335E-20
1.26E+06	1.0322E-20
1.26E+06	1.0310E-20
1.26E+06	1.0297E-20
1.26E+06	1.0285E-20
1.26E+06	1.0272E-20
1.27E+06	1.0260E-20
1.27E+06	1.0247E-20
1.27E+06	1.0235E-20
1.27E+06	1.0222E-20
1.27E+06	1.0210E-20
1.28E+06	1.0198E-20
1.28E+06	1.0186E-20
1.28E+06	1.0173E-20
1.28E+06	1.0161E-20
1.28E+06	1.0149E-20
1.29E+06	1.0137E-20
1.29E+06	1.0125E-20
1.29E+06	1.0113E-20
1.29E+06	1.0100E-20
1.29E+06	1.0088E-20
1.30E+06	1.0076E-20
1.30E+06	1.0065E-20
1.30E+06	1.0053E-20
1.30E+06	1.0041E-20
1.30E+06	1.0029E-20
1.31E+06	1.0017E-20
1.31E+06	1.0005E-20
1.31E+06	9.9934E-21
1.31E+06	9.9817E-21
1.31E+06	9.9699E-21
1.32E+06	9.9583E-21
1.32E+06	9.9466E-21
1.32E+06	9.9350E-21
1.32E+06	9.9234E-21
1.32E+06	9.9118E-21
1.33E+06	9.9003E-21
1.33E+06	9.8888E-21
1.33E+06	9.8773E-21
1.33E+06	9.8659E-21
1.33E+06	9.8544E-21
1.34E+06	9.8431E-21
1.34E+06	9.8317E-21
1.34E+06	9.8204E-21
1.34E+06	9.8091E-21
1.34E+06	9.7978E-21
1.35E+06	9.7865E-21
1.35E+06	9.7753E-21
1.35E+06	9.7641E-21
1.35E+06	9.7530E-21
1.35E+06	9.7418E-21
1.36E+06	9.7307E-21
1.36E+06	9.7196E-21
1.36E+06	9.7086E-21
1.36E+06	9.6976E-21
1.36E+06	9.6866E-21
1.37E+06	9.6756E-21
1.37E+06	9.6647E-21
1.37E+06	9.6538E-21
1.37E+06	9.6429E-21
1.37E+06	9.6320E-21
1.38E+06	9.6212E-21
1.38E+06	9.6104E-21
1.38E+06	9.5996E-21
1.38E+06	9.5888E-21
1.38E+06	9.5781E-21
1.39E+06	9.5674E-21
1.39E+06	9.5567E-21
1.39E+06	9.5461E-21
1.39E+06	9.5355E-21
1.39E+06	9.5249E-21
1.40E+06	9.5143E-21
1.40E+06	9.5038E-21
1.40E+06	9.4932E-21
1.40E+06	9.4828E-21
1.40E+06	9.4723E-21
1.41E+06	9.4618E-21
1.41E+06	9.4514E-21
1.41E+06	9.4410E-21
1.41E+06	9.4307E-21
1.41E+06	9.4203E-21
1.42E+06	9.4100E-21
1.42E+06	9.3997E-21
1.42E+06	9.3894E-21
1.42E+06	9.3792E-21
1.42E+06	9.3690E-21
1.43E+06	9.3588E-21
1.43E+06	9.3486E-21
1.43E+06	9.3385E-21
1.43E+06	9.3284E-21
1.43E+06	9.3183E-21
1.44E+06	9.3082E-21
1.44E+06	9.2981E-21
1.44E+06	9.2881E-21
1.44E+06	9.2781E-21
1.44E+06	9.2681E-21
1.45E+06	9.2582E-21
1.45E+06	9.2482E-21
1.45E+06	9.2383E-21
1.45E+06	9.2285E-21
1.45E+06	9.2186E-21
1.46E+06	9.2088E-21
1.46E+06	9.1989E-21
1.46E+06	9.1891E-21
1.46E+06	9.1794E-21
1.46E+06	9.1696E-21
1.47E+06	9.1599E-21
1.47E+06	9.1502E-21
1.47E+06	9.1405E-21
1.47E+06	9.1309E-21
1.47E+06	9.1212E-21
1.48E+06	9.1116E-21
1.48E+06	9.1020E-21
1.48E+06	9.0925E-21
1.48E+06	9.0829E-21
1.48E+06	9.0734E-21
1.49E+06	9.0639E-21
1.49E+06	9.0544E-21
1.49E+06	9.0450E-21
1.49E+06	9.0355E-21
1.49E+06	9.0261E-21
1.50E+06	9.0167E-21
1.50E+06	9.0073E-21
1.50E+06	8.9980E-21
1.50E+06	8.9887E-21
1.50E+06	8.9793E-21
1.51E+06	8.9701E-21
1.51E+06	8.9608E-21
1.51E+06	8.9516E-21
1.51E+06	8.9423E-21
1.51E+06	8.9331E-21
1.52E+06	8.9239E-21
1.52E+06	8.9148E-21
1.52E+06	8.9056E-21
1.52E+06	8.8965E-21
1.52E+06	8.8874E-21
1.53E+06	8.8783E-21
1.53E+06	8.8693E-21
1.53E+06	8.8602E-21
1.53E+06	8.8512E-21
1.53E+06	8.8422E-21
1.54E+06	8.8332E-21
1.54E+06	8.8243E-21
1.54E+06	8.8153E-21
1.54E+06	8.8064E-21
1.54E+06	8.7975E-21
1.55E+06	8.7886E-21
1.55E+06	8.7798E-21
1.55E+06	8.7709E-21
1.55E+06	8.7621E-21
1.55E+06	8.7533E-21
1.56E+06	8.7445E-21
1.56E+06	8.7358E-21
1.56E+06	8.7270E-21
1.56E+06	8.7183E-21
1.56E+06	8.7096E-21
1.57E+06	8.7009E-21
1.57E+06	8.6923E-21
1.57E+06	8.6836E-21
1.57E+06	8.6750E-21
1.57E+06	8.6664E-21
1.58E+06	8.6578E-21
1.58E+06	8.6492E-21
1.58E+06	8.6407E-21
1.58E+06	8.6321E-21
1.58E+06	8.6236E-21
1.59E+06	8.6151E-21
1.59E+06	8.6066E-21
1.59E+06	8.5982E-21
1.59E+06	8.5897E-21
1.59E+06	8.5813E-21
1.60E+06	8.5729E-21
1.60E+06	8.5645E-21
1.60E+06	8.5561E-21
1.60E+06	8.5478E-21
1.60E+06	8.5394E-21
1.61E+06	8.5311E-21
1.61E+06	8.5228E-21
1.61E+06	8.5145E-21
1.61E+06	8.5063E-21
1.61E+06	8.4980E-21
1.62E+06	8.4898E-21
1.62E+06	8.4816E-21
1.62E+06	8.4734E-21
1.62E+06	8.4652E-21
1.62E+06	8.4570E-21
1.63E+06	8.4489E-21
1.63E+06	8.4408E-21
1.63E+06	8.4327E-21
1.63E+06	8.4246E-21
1.63E+06	8.4165E-21
1.64E+06	8.4084E-21
1.64E+06	8.4004E-21
1.64E+06	8.3924E-21
1.64E+06	8.3844E-21
1.64E+06	8.3764E-21
1.65E+06	8.3684E-21
1.65E+06	8.3604E-21
1.65E+06	8.3525E-21
1.65E+06	8.3446E-21
1.65E+06	8.3367E-21
1.66E+06	8.3288E-21
1.66E+06	8.3209E-21
1.66E+06	8.3130E-21
1.66E+06	8.3052E-21
1.66E+06	8.2974E-21
1.67E+06	8.2896E-21
1.67E+06	8.2818E-21
1.67E+06	8.2740E-21
1.67E+06	8.2662E-21
1.67E+06	8.2585E-21
1.68E+06	8.2508E-21
1.68E+06	8.2430E-21
1.68E+06	8.2353E-21
1.68E+06	8.2277E-21
1.68E+06	8.2200E-21
1.69E+06	8.2123E-21
1.69E+06	8.2047E-21
1.69E+06	8.1971E-21
1.69E+06	8.1895E-21
1.69E+06	8.1819E-21
1.70E+06	8.1743E-21
1.70E+06	8.1668E-21
1.70E+06	8.1592E-21
1.70E+06	8.1517E-21
1.70E+06	8.1442E-21
1.71E+06	8.1367E-21
1.71E+06	8.1292E-21
1.71E+06	8.1217E-21
1.71E+06	8.1143E-21
1.71E+06	8.1068E-21
1.72E+06	8.0994E-21
1.72E+06	8.0920E-21
1.72E+06	8.0846E-21
1.72E+06	8.0772E-21
1.72E+06	8.0699E-21
1.73E+06	8.0625E-21
1.73E+06	8.0552E-21
1.73E+06	8.0479E-21
1.73E+06	8.0406E-21
1.73E+06	8.0333E-21
1.74E+06	8.0260E-21
1.74E+06	8.0188E-21
1.74E+06	8.0115E-21
1.74E+06	8.0043E-21
1.74E+06	7.9971E-21
1.75E+06	7.9899E-21
1.75E+06	7.9827E-21
1.75E+06	7.9755E-21
1.75E+06	7.9683E-21
1.75E+06	7.9612E-21
1.76E+06	7.9540E-21
1.76E+06	7.9469E-21
1.76E+06	7.9398E-21
1.76E+06	7.9327E-21
1.76E+06	7.9257E-21
1.77E+06	7.9186E-21
1.77E+06	7.9115E-21
1.77E+06	7.9045E-21
1.77E+06	7.8975E-21
1.77E+06	7.8905E-21
1.78E+06	7.8835E-21
1.78E+06	7.8765E-21
1.78E+06	7.8695E-21
1.78E+06	7.8626E-21
1.78E+06	7.8556E-21
1.79E+06	7.8487E-21
1.79E+06	7.8418E-21
1.79E+06	7.8349E-21
1.79E+06	7.8280E-21
1.79E+06	7.8211E-21
1.80E+06	7.8143E-21
1.80E+06	7.8074E-21
1.80E+06	7.8006E-21
1.80E+06	7.7938E-21
1.80E+06	7.7870E-21
1.81E+06	7.7802E-21
1.81E+06	7.7734E-21
1.81E+06	7.7666E-21
1.81E+06	7.7599E-21
1.81E+06	7.7531E-21
1.82E+06	7.7464E-21
1.82E+06	7.7397E-21
1.82E+06	7.7330E-21
1.82E+06	7.7263E-21
1.82E+06	7.7196E-21
1.83E+06	7.7129E-21
1.83E+06	7.7063E-21
1.83E+06	7.6996E-21
1.83E+06	7.6930E-21
1.83E+06	7.6864E-21
1.84E+06	7.6798E-21
1.84E+06	7.6732E-21
1.84E+06	7.6666E-21
1.84E+06	7.6600E-21
1.84E+06	7.6535E-21
1.85E+06	7.6469E-21
1.85E+06	7.6404E-21
1.85E+06	7.6339E-21
1.85E+06	7.6274E-21
1.85E+06	7.6209E-21
1.86E+06	7.6144E-21
1.86E+06	7.6079E-21
1.86E+06	7.6015E-21
1.86E+06	7.5950E-21
1.86E+06	7.5886E-21
1.87E+06	7.5822E-21
1.87E+06	7.5758E-21
1.87E+06	7.5694E-21
1.87E+06	7.5630E-21
1.87E+06	7.5566E-21
1.88E+06	7.5502E-21
1.88E+06	7.5439E-21
1.88E+06	7.5375E-21
1.88E+06	7.5312E-21
1.88E+06	7.5249E-21
1.89E+06	7.5186E-21
1.89E+06	7.5123E-21
1.89E+06	7.5060E-21
1.89E+06	7.4998E-21
1.89E+06	7.4935E-21
1.90E+06	7.4872E-21
1.90E+06	7.4810E-21
1.90E+06	7.4748E-21
1.90E+06	7.4686E-21
1.90E+06	7.4624E-21
1.91E+06	7.4562E-21
1.91E+06	7.4500E-21
1.91E+06	7.4438E-21
1.91E+06	7.4377E-21
1.91E+06	7.4315E-21
1.92E+06	7.4254E-21
1.92E+06	7.4193E-21
1.92E+06	7.4132E-21
1.92E+06	7.4071E-21
1.92E+06	7.4010E-21
1.93E+06	7.3949E-21
1.93E+06	7.3888E-21
1.93E+06	7.3828E-21
1.93E+06	7.3767E-21
1.93E+06	7.3707E-21
1.94E+06	7.3647E-21
1.94E+06	7.3586E-21
1.94E+06	7.3526E-21
1.94E+06	7.3467E-21
1.94E+06	7.3407E-21
1.95E+06	7.3347E-21
1.95E+06	7.3287E-21
1.95E+06	7.3228E-21
1.95E+06	7.3168E-21
1.95E+06	7.3109E-21
1.96E+06	7.3050E-21
1.96E+06	7.2991E-21
1.96E+06	7.2932E-21
1.96E+06	7.2873E-21
1.96E+06	7.2814E-21
1.97E+06	7.2756E-21
1.97E+06	7.2697E-21
1.97E+06	7.2639E-21
1.97E+06	7.2580E-21
1.97E+06	7.2522E-21
1.98E+06	7.2464E-21
1.98E+06	7.2406E-21
1.98E+06	7.2348E-21
1.98E+06	7.2290E-21
1.98E+06	7.2232E-21
1.99E+06	7.2175E-21
1.99E+06	7.2117E-21
1.99E+06	7.2060E-21
1.99E+06	7.2002E-21
1.99E+06	7.1945E-21
2.00E+06	7.1888E-21
2.00E+06	7.1831E-21
2.00E+06	7.1774E-21
2.00E+06	7.1717E-21
2.00E+06	7.1660E-21
2.01E+06	7.1604E-21
2.01E+06	7.1547E-21
2.01E+06	7.1491E-21
2.01E+06	7.1434E-21
2.01E+06	7.1378E-21
2.02E+06	7.1322E-21
2.02E+06	7.1266E-21
2.02E+06	7.1210E-21
2.02E+06	7.1154E-21
2.02E+06	7.1098E-21
2.03E+06	7.1043E-21
2.03E+06	7.0987E-21
2.03E+06	7.0932E-21
2.03E+06	7.0876E-21
2.03E+06	7.0821E-21
2.04E+06	7.0766E-21
2.04E+06	7.0711E-21
2.04E+06	7.0655E-21
2.04E+06	7.0601E-21
2.04E+06	7.0546E-21
2.05E+06	7.0491E-21
2.05E+06	7.0436E-21
2.05E+06	7.0382E-21
2.05E+06	7.0327E-21
2.05E+06	7.0273E-21
2.06E+06	7.0219E-21
2.06E+06	7.0165E-21
2.06E+06	7.0110E-21
2.06E+06	7.0056E-21
2.06E+06	7.0003E-21
2.07E+06	6.9949E-21
2.07E+06	6.9895E-21
2.07E+06	6.9841E-21
2.07E+06	6.9788E-21
2.07E+06	6.9734E-21
2.08E+06	6.9681E-21
2.08E+06	6.9628E-21
2.08E+06	6.9574E-21
2.08E+06	6.9521E-21
2.08E+06	6.9468E-21
2.09E+06	6.9415E-21
2.09E+06	6.9363E-21
2.09E+06	6.9310E-21
2.09E+06	6.9257E-21
2.09E+06	6.9205E-21
2.10E+06	6.9152E-21
2.10E+06	6.9100E-21
2.10E+06	6.9047E-21
2.10E+06	6.8995E-21
2.10E+06	6.8943E-21
2.11E+06	6.8891E-21
2.11E+06	6.8839E-21
2.11E+06	6.8787E-21
2.11E+06	6.8735E-21
2.11E+06	6.8684E-21
2.12E+06	6.8632E-21
2.12E+06	6.8581E-21
2.12E+06	6.8529E-21
2.12E+06	6.8478E-21
2.12E+06	6.8426E-21
2.13E+06	6.8375E-21
2.13E+06	6.8324E-21
2.13E+06	6.8273E-21
2.13E+06	6.8222E-21
2.13E+06	6.8171E-21
2.14E+06	6.8120E-21
2.14E+06	6.8070E-21
2.14E+06	6.8019E-21
2.14E+06	6.7969E-21
2.14E+06	6.7918E-21
2.15E+06	6.7868E-21
2.15E+06	6.7817E-21
2.15E+06	6.7767E-21
2.15E+06	6.7717E-21
2.15E+06	6.7667E-21
2.16E+06	6.7617E-21
2.16E+06	6.7567E-21
2.16E+06	6.7517E-21
2.16E+06	6.7468E-21
2.16E+06	6.7418E-21
2.17E+06	6.7368E-21
2.17E+06	6.7319E-21
2.17E+06	6.7270E-21
2.17E+06	6.7220E-21
2.17E+06	6.7171E-21
2.18E+06	6.7122E-21
2.18E+06	6.7073E-21
2.18E+06	6.7024E-21
2.18E+06	6.6975E-21
2.18E+06	6.6926E-21
2.19E+06	6.6877E-21
2.19E+06	6.6828E-21
2.19E+06	6.6780E-21
2.19E+06	6.6731E-21
2.19E+06	6.6683E-21
2.20E+06	6.6634E-21
2.20E+06	6.6586E-21
2.20E+06	6.6538E-21
2.20E+06	6.6490E-21
2.20E+06	6.6442E-21
2.21E+06	6.6394E-21
2.21E+06	6.6346E-21
2.21E+06	6.6298E-21
2.21E+06	6.6250E-21
2.21E+06	6.6202E-21
2.22E+06	6.6155E-21
2.22E+06	6.6107E-21
2.22E+06	6.6060E-21
2.22E+06	6.6012E-21
2.22E+06	6.5965E-21
2.23E+06	6.5918E-21
2.23E+06	6.5871E-21
2.23E+06	6.5823E-21
2.23E+06	6.5776E-21
2.23E+06	6.5729E-21
2.24E+06	6.5683E-21
2.24E+06	6.5636E-21
2.24E+06	6.5589E-21
2.24E+06	6.5542E-21
2.24E+06	6.5496E-21
2.25E+06	6.5449E-21
2.25E+06	6.5403E-21
2.25E+06	6.5356E-21
2.25E+06	6.5310E-21
2.25E+06	6.5264E-21
2.26E+06	6.5218E-21
2.26E+06	6.5172E-21
2.26E+06	6.5126E-21
2.26E+06	6.5080E-21
2.26E+06	6.5034E-21
2.27E+06	6.4988E-21
2.27E+06	6.4942E-21
2.27E+06	6.4896E-21
2.27E+06	6.4851E-21
2.27E+06	6.4805E-21
2.28E+06	6.4760E-21
2.28E+06	6.4714E-21
2.28E+06	6.4669E-21
2.28E+06	6.4624E-21
2.28E+06	6.4579E-21
2.29E+06	6.4534E-21
2.29E+06	6.4489E-21
2.29E+06	6.4444E-21
2.29E+06	6.4399E-21
2.29E+06	6.4354E-21
2.30E+06	6.4309E-21
2.30E+06	6.4264E-21
2.30E+06	6.4220E-21
2.30E+06	6.4175E-21
2.30E+06	6.4131E-21
2.31E+06	6.4086E-21
2.31E+06	6.4042E-21
2.31E+06	6.3998E-21
2.31E+06	6.3953E-21
2.31E+06	6.3909E-21
2.32E+06	6.3865E-21
2.32E+06	6.3821E-21
2.32E+06	6.3777E-21
2.32E+06	6.3733E-21
2.32E+06	6.3689E-21
2.33E+06	6.3646E-21
2.33E+06	6.3602E-21
2.33E+06	6.3558E-21
2.33E+06	6.3515E-21
2.33E+06	6.3471E-21
2.34E+06	6.3428E-21
2.34E+06	6.3384E-21
2.34E+06	6.3341E-21
2.34E+06	6.3298E-21
2.34E+06	6.3255E-21
2.35E+06	6.3212E-21
2.35E+06	6.3168E-21
2.35E+06	6.3125E-21
2.35E+06	6.3083E-21
2.35E+06	6.3040E-21
2.36E+06	6.2997E-21
2.36E+06	6.2954E-21
2.36E+06	6.2912E-21
2.36E+06	6.2869E-21
2.36E+06	6.2826E-21
2.37E+06	6.2784E-21
2.37E+06	6.2741E-21
2.37E+06	6.2699E-21
2.37E+06	6.2657E-21
2.37E+06	6.2615E-21
2.38E+06	6.2572E-21
2.38E+06	6.2530E-21
2.38E+06	6.2488E-21
2.38E+06	6.2446E-21
2.38E+06	6.2404E-21
2.39E+06	6.2363E-21
2.39E+06	6.2321E-21
2.39E+06	6.2279E-21
2.39E+06	6.2237E-21
2.39E+06	6.2196E-21
2.40E+06	6.2154E-21
2.40E+06	6.2113E-21
2.40E+06	6.2071E-21
2.40E+06	6.2030E-21
2.40E+06	6.1989E-21
2.41E+06	6.1947E-21
2.41E+06	6.1906E-21
2.41E+06	6.1865E-21
2.41E+06	6.1824E-21
2.41E+06	6.1783E-21
2.42E+06	6.1742E-21
2.42E+06	6.1701E-21
2.42E+06	6.1660E-21
2.42E+06	6.1619E-21
2.42E+06	6.1579E-21
2.43E+06	6.1538E-21
2.43E+06	6.1497E-21
2.43E+06	6.1457E-21
2.43E+06	6.1416E-21
2.43E+06	6.1376E-21
2.44E+06	6.1336E-21
2.44E+06	6.1295E-21
2.44E+06	6.1255E-21
2.44E+06	6.1215E-21
2.44E+06	6.1175E-21
2.45E+06	6.1135E-21
2.45E+06	6.1095E-21
2.45E+06	6.1055E-21
2.45E+06	6.1015E-21
2.45E+06	6.0975E-21
2.46E+06	6.0935E-21
2.46E+06	6.0895E-21
2.46E+06	6.0856E-21
2.46E+06	6.0816E-21
2.46E+06	6.0777E-21
2.47E+06	6.0737E-21
2.47E+06	6.0698E-21
2.47E+06	6.0658E-21
2.47E+06	6.0619E-21
2.47E+06	6.0580E-21
2.48E+06	6.0540E-21
2.48E+06	6.0501E-21
2.48E+06	6.0462E-21
2.48E+06	6.0423E-21
2.48E+06	6.0384E-21
2.49E+06	6.0345E-21
2.49E+06	6.0306E-21
2.49E+06	6.0267E-21
2.49E+06	6.0229E-21
2.49E+06	6.0190E-21
2.50E+06	6.0151E-21
2.50E+06	6.0112E-21
2.50E+06	6.0074E-21
2.50E+06	6.0035E-21
2.50E+06	5.9997E-21
2.51E+06	5.9959E-21
2.51E+06	5.9920E-21
2.51E+06	5.9882E-21
2.51E+06	5.9844E-21
2.51E+06	5.9805E-21
2.52E+06	5.9767E-21
2.52E+06	5.9729E-21
2.52E+06	5.9691E-21
2.52E+06	5.9653E-21
2.52E+06	5.9615E-21
2.53E+06	5.9577E-21
2.53E+06	5.9540E-21
2.53E+06	5.9502E-21
2.53E+06	5.9464E-21
2.53E+06	5.9426E-21
2.54E+06	5.9389E-21
2.54E+06	5.9351E-21
2.54E+06	5.9314E-21
2.54E+06	5.9276E-21
2.54E+06	5.9239E-21
2.55E+06	5.9201E-21
2.55E+06	5.9164E-21
2.55E+06	5.9127E-21
2.55E+06	5.9090E-21
2.55E+06	5.9053E-21
2.56E+06	5.9015E-21
2.56E+06	5.8978E-21
2.56E+06	5.8941E-21
2.56E+06	5.8904E-21
2.56E+06	5.8868E-21
2.57E+06	5.8831E-21
2.57E+06	5.8794E-21
2.57E+06	5.8757E-21
2.57E+06	5.8720E-21
2.57E+06	5.8684E-21
2.58E+06	5.8647E-21
2.58E+06	5.8611E-21
2.58E+06	5.8574E-21
2.58E+06	5.8538E-21
2.58E+06	5.8501E-21
2.59E+06	5.8465E-21
2.59E+06	5.8429E-21
2.59E+06	5.8392E-21
2.59E+06	5.8356E-21
2.59E+06	5.8320E-21
2.60E+06	5.8284E-21
2.60E+06	5.8248E-21
2.60E+06	5.8212E-21
2.60E+06	5.8176E-21
2.60E+06	5.8140E-21
2.61E+06	5.8104E-21
2.61E+06	5.8068E-21
2.61E+06	5.8033E-21
2.61E+06	5.7997E-21
2.61E+06	5.7961E-21
2.62E+06	5.7926E-21
2.62E+06	5.7890E-21
2.62E+06	5.7855E-21
2.62E+06	5.7819E-21
2.62E+06	5.7784E-21
2.63E+06	5.7748E-21
2.63E+06	5.7713E-21
2.63E+06	5.7678E-21
2.63E+06	5.7642E-21
2.63E+06	5.7607E-21
2.64E+06	5.7572E-21
2.64E+06	5.7537E-21
2.64E+06	5.7502E-21
2.64E+06	5.7467E-21
2.64E+06	5.7432E-21
2.65E+06	5.7397E-21
2.65E+06	5.7362E-21
2.65E+06	5.7327E-21
2.65E+06	5.7293E-21
2.65E+06	5.7258E-21
2.66E+06	5.7223E-21
2.66E+06	5.7188E-21
2.66E+06	5.7154E-21
2.66E+06	5.7119E-21
2.66E+06	5.7085E-21
2.67E+06	5.7050E-21
2.67E+06	5.7016E-21
2.67E+06	5.6982E-21
2.67E+06	5.6947E-21
2.67E+06	5.6913E-21
2.68E+06	5.6879E-21
2.68E+06	5.6845E-21
2.68E+06	5.6810E-21
2.68E+06	5.6776E-21
2.68E+06	5.6742E-21
2.69E+06	5.6708E-21
2.69E+06	5.6674E-21
2.69E+06	5.6640E-21
2.69E+06	5.6607E-21
2.69E+06	5.6573E-21
2.70E+06	5.6539E-21
2.70E+06	5.6505E-21
2.70E+06	5.6472E-21
2.70E+06	5.6438E-21
2.70E+06	5.6404E-21
2.71E+06	5.6371E-21
2.71E+06	5.6337E-21
2.71E+06	5.6304E-21
2.71E+06	5.6270E-21
2.71E+06	5.6237E-21
2.72E+06	5.6204E-21
2.72E+06	5.6170E-21
2.72E+06	5.6137E-21
2.72E+06	5.6104E-21
2.72E+06	5.6071E-21
2.73E+06	5.6037E-21
2.73E+06	5.6004E-21
2.73E+06	5.5971E-21
2.73E+06	5.5938E-21
2.73E+06	5.5905E-21
2.74E+06	5.5872E-21
2.74E+06	5.5840E-21
2.74E+06	5.5807E-21
2.74E+06	5.5774E-21
2.74E+06	5.5741E-21
2.75E+06	5.5709E-21
2.75E+06	5.5676E-21
2.75E+06	5.5643E-21
2.75E+06	5.5611E-21
2.75E+06	5.5578E-21
2.76E+06	5.5546E-21
2.76E+06	5.5513E-21
2.76E+06	5.5481E-21
2.76E+06	5.5448E-21
2.76E+06	5.5416E-21
2.77E+06	5.5384E-21
2.77E+06	5.5351E-21
2.77E+06	5.5319E-21
2.77E+06	5.5287E-21
2.77E+06	5.5255E-21
2.78E+06	5.5223E-21
2.78E+06	5.5191E-21
2.78E+06	5.5159E-21
2.78E+06	5.5127E-21
2.78E+06	5.5095E-21
2.79E+06	5.5063E-21
2.79E+06	5.5031E-21
2.79E+06	5.4999E-21
2.79E+06	5.4968E-21
2.79E+06	5.4936E-21
2.80E+06	5.4904E-21
2.80E+06	5.4873E-21
2.80E+06	5.4841E-21
2.80E+06	5.4809E-21
2.80E+06	5.4778E-21
2.81E+06	5.4746E-21
2.81E+06	5.4715E-21
2.81E+06	5.4684E-21
2.81E+06	5.4652E-21
2.81E+06	5.4621E-21
2.82E+06	5.4590E-21
2.82E+06	5.4558E-21
2.82E+06	5.4527E-21
2.82E+06	5.4496E-21
2.82E+06	5.4465E-21
2.83E+06	5.4434E-21
2.83E+06	5.4403E-21
2.83E+06	5.4372E-21
2.83E+06	5.4341E-21
2.83E+06	5.4310E-21
2.84E+06	5.4279E-21
2.84E+06	5.4248E-21
2.84E+06	5.4217E-21
2.84E+06	5.4186E-21
2.84E+06	5.4156E-21
2.85E+06	5.4125E-21
2.85E+06	5.4094E-21
2.85E+06	5.4064E-21
2.85E+06	5.4033E-21
2.85E+06	5.4002E-21
2.86E+06	5.3972E-21
2.86E+06	5.3941E-21
2.86E+06	5.3911E-21
2.86E+06	5.3881E-21
2.86E+06	5.3850E-21
2.87E+06	5.3820E-21
2.87E+06	5.3790E-21
2.87E+06	5.3759E-21
2.87E+06	5.3729E-21
2.87E+06	5.3699E-21
2.88E+06	5.3669E-21
2.88E+06	5.3639E-21
2.88E+06	5.3609E-21
2.88E+06	5.3579E-21
2.88E+06	5.3549E-21
2.89E+06	5.3519E-21
2.89E+06	5.3489E-21
2.89E+06	5.3459E-21
2.89E+06	5.3429E-21
2.89E+06	5.3399E-21
2.90E+06	5.3369E-21
2.90E+06	5.3340E-21
2.90E+06	5.3310E-21
2.90E+06	5.3280E-21
2.90E+06	5.3251E-21
2.91E+06	5.3221E-21
2.91E+06	5.3191E-21
2.91E+06	5.3162E-21
2.91E+06	5.3132E-21
2.91E+06	5.3103E-21
2.92E+06	5.3073E-21
2.92E+06	5.3044E-21
2.92E+06	5.3015E-21
2.92E+06	5.2985E-21
2.92E+06	5.2956E-21
2.93E+06	5.2927E-21
2.93E+06	5.2898E-21
2.93E+06	5.2869E-21
2.93E+06	5.2839E-21
2.93E+06	5.2810E-21
2.94E+06	5.2781E-21
2.94E+06	5.2752E-21
2.94E+06	5.2723E-21
2.94E+06	5.2694E-21
2.94E+06	5.2665E-21
2.95E+06	5.2636E-21
2.95E+06	5.2608E-21
2.95E+06	5.2579E-21
2.95E+06	5.2550E-21
2.95E+06	5.2521E-21
2.96E+06	5.2492E-21
2.96E+06	5.2464E-21
2.96E+06	5.2435E-21
2.96E+06	5.2406E-21
2.96E+06	5.2378E-21
2.97E+06	5.2349E-21
2.97E+06	5.2321E-21
2.97E+06	5.2292E-21
2.97E+06	5.2264E-21
2.97E+06	5.2235E-21
2.98E+06	5.2207E-21
2.98E+06	5.2179E-21
2.98E+06	5.2150E-21
2.98E+06	5.2122E-21
2.98E+06	5.2094E-21
2.99E+06	5.2066E-21
2.99E+06	5.2037E-21
2.99E+06	5.2009E-21
2.99E+06	5.1981E-21
2.99E+06	5.1953E-21
3.00E+06	5.1925E-21
3.00E+06	5.1897E-21
3.00E+06	5.1869E-21
3.00E+06	5.1841E-21
3.00E+06	5.1813E-21
3.01E+06	5.1785E-21
3.01E+06	5.1757E-21
3.01E+06	5.1730E-21
3.01E+06	5.1702E-21
3.01E+06	5.1674E-21
3.02E+06	5.1646E-21
3.02E+06	5.1619E-21
3.02E+06	5.1591E-21
3.02E+06	5.1563E-21
3.02E+06	5.1536E-21
3.03E+06	5.1508E-21
3.03E+06	5.1481E-21
3.03E+06	5.1453E-21
3.03E+06	5.1426E-21
3.03E+06	5.1398E-21
3.04E+06	5.1371E-21
3.04E+06	5.1344E-21
3.04E+06	5.1316E-21
3.04E+06	5.1289E-21
3.04E+06	5.1262E-21
3.05E+06	5.1234E-21
3.05E+06	5.1207E-21
3.05E+06	5.1180E-21
3.05E+06	5.1153E-21
3.05E+06	5.1126E-21
3.06E+06	5.1099E-21
3.06E+06	5.1072E-21
3.06E+06	5.1045E-21
3.06E+06	5.1018E-21
3.06E+06	5.0991E-21
3.07E+06	5.0964E-21
3.07E+06	5.0937E-21
3.07E+06	5.0910E-21
3.07E+06	5.0883E-21
3.07E+06	5.0856E-21
3.08E+06	5.0830E-21
3.08E+06	5.0803E-21
3.08E+06	5.0776E-21
3.08E+06	5.0749E-21
3.08E+06	5.0723E-21
3.09E+06	5.0696E-21
3.09E+06	5.0670E-21
3.09E+06	5.0643E-21
3.09E+06	5.0616E-21
3.09E+06	5.0590E-21
3.10E+06	5.0563E-21
3.10E+06	5.0537E-21
3.10E+06	5.0511E-21
3.10E+06	5.0484E-21
3.10E+06	5.0458E-21
3.11E+06	5.0432E-21
3.11E+06	5.0405E-21
3.11E+06	5.0379E-21
3.11E+06	5.0353E-21
3.11E+06	5.0327E-21
3.12E+06	5.0300E-21
3.12E+06	5.0274E-21
3.12E+06	5.0248E-21
3.12E+06	5.0222E-21
3.12E+06	5.0196E-21
3.13E+06	5.0170E-21
3.13E+06	5.0144E-21
3.13E+06	5.0118E-21
3.13E+06	5.0092E-21
3.13E+06	5.0066E-21
3.14E+06	5.0040E-21
3.14E+06	5.0015E-21
3.14E+06	4.9989E-21
3.14E+06	4.9963E-21
3.14E+06	4.9937E-21
3.15E+06	4.9911E-21
3.15E+06	4.9886E-21
3.15E+06	4.9860E-21
3.15E+06	4.9834E-21
3.15E+06	4.9809E-21
3.16E+06	4.9783E-21
3.16E+06	4.9758E-21
3.16E+06	4.9732E-21
3.16E+06	4.9707E-21
3.16E+06	4.9681E-21
3.17E+06	4.9656E-21
3.17E+06	4.9630E-21
3.17E+06	4.9605E-21
3.17E+06	4.9580E-21
3.17E+06	4.9554E-21
3.18E+06	4.9529E-21
3.18E+06	4.9504E-21
3.18E+06	4.9478E-21
3.18E+06	4.9453E-21
3.18E+06	4.9428E-21
3.19E+06	4.9403E-21
3.19E+06	4.9378E-21
3.19E+06	4.9353E-21
3.19E+06	4.9328E-21
3.19E+06	4.9302E-21
3.20E+06	4.9277E-21
3.20E+06	4.9252E-21
3.20E+06	4.9228E-21
3.20E+06	4.9203E-21
3.20E+06	4.9178E-21
3.21E+06	4.9153E-21
3.21E+06	4.9128E-21
3.21E+06	4.9103E-21
3.21E+06	4.9078E-21
3.21E+06	4.9054E-21
3.22E+06	4.9029E-21
3.22E+06	4.9004E-21
3.22E+06	4.8979E-21
3.22E+06	4.8955E-21
3.22E+06	4.8930E-21
3.23E+06	4.8905E-21
3.23E+06	4.8881E-21
3.23E+06	4.8856E-21
3.23E+06	4.8832E-21
3.23E+06	4.8807E-21
3.24E+06	4.8783E-21
3.24E+06	4.8758E-21
3.24E+06	4.8734E-21
3.24E+06	4.8710E-21
3.24E+06	4.8685E-21
3.25E+06	4.8661E-21
3.25E+06	4.8636E-21
3.25E+06	4.8612E-21
3.25E+06	4.8588E-21
3.25E+06	4.8564E-21
3.26E+06	4.8539E-21
3.26E+06	4.8515E-21
3.26E+06	4.8491E-21
3.26E+06	4.8467E-21
3.26E+06	4.8443E-21
3.27E+06	4.8419E-21
3.27E+06	4.8395E-21
3.27E+06	4.8371E-21
3.27E+06	4.8347E-21
3.27E+06	4.8323E-21
3.28E+06	4.8299E-21
3.28E+06	4.8275E-21
3.28E+06	4.8251E-21
3.28E+06	4.8227E-21
3.28E+06	4.8203E-21
3.29E+06	4.8179E-21
3.29E+06	4.8156E-21
3.29E+06	4.8132E-21
3.29E+06	4.8108E-21
3.29E+06	4.8084E-21
3.30E+06	4.8061E-21
3.30E+06	4.8037E-21
3.30E+06	4.8013E-21
3.30E+06	4.7990E-21
3.30E+06	4.7966E-21
3.31E+06	4.7943E-21
3.31E+06	4.7919E-21
3.31E+06	4.7896E-21
3.31E+06	4.7872E-21
3.31E+06	4.7849E-21
3.32E+06	4.7825E-21
3.32E+06	4.7802E-21
3.32E+06	4.7778E-21
3.32E+06	4.7755E-21
3.32E+06	4.7732E-21
3.33E+06	4.7708E-21
3.33E+06	4.7685E-21
3.33E+06	4.7662E-21
3.33E+06	4.7639E-21
3.33E+06	4.7615E-21
3.34E+06	4.7592E-21
3.34E+06	4.7569E-21
3.34E+06	4.7546E-21
3.34E+06	4.7523E-21
3.34E+06	4.7500E-21
3.35E+06	4.7477E-21
3.35E+06	4.7454E-21
3.35E+06	4.7430E-21
3.35E+06	4.7407E-21
3.35E+06	4.7385E-21
3.36E+06	4.7362E-21
3.36E+06	4.7339E-21
3.36E+06	4.7316E-21
3.36E+06	4.7293E-21
3.36E+06	4.7270E-21
3.37E+06	4.7247E-21
3.37E+06	4.7224E-21
3.37E+06	4.7202E-21
3.37E+06	4.7179E-21
3.37E+06	4.7156E-21
3.38E+06	4.7133E-21
3.38E+06	4.7111E-21
3.38E+06	4.7088E-21
3.38E+06	4.7065E-21
3.38E+06	4.7043E-21
3.39E+06	4.7020E-21
3.39E+06	4.6998E-21
3.39E+06	4.6975E-21
3.39E+06	4.6953E-21
3.39E+06	4.6930E-21
3.40E+06	4.6908E-21
3.40E+06	4.6885E-21
3.40E+06	4.6863E-21
3.40E+06	4.6840E-21
3.40E+06	4.6818E-21
3.41E+06	4.6796E-21
3.41E+06	4.6773E-21
3.41E+06	4.6751E-21
3.41E+06	4.6729E-21
3.41E+06	4.6706E-21
3.42E+06	4.6684E-21
3.42E+06	4.6662E-21
3.42E+06	4.6640E-21
3.42E+06	4.6618E-21
3.42E+06	4.6595E-21
3.43E+06	4.6573E-21
3.43E+06	4.6551E-21
3.43E+06	4.6529E-21
3.43E+06	4.6507E-21
3.43E+06	4.6485E-21
3.44E+06	4.6463E-21
3.44E+06	4.6441E-21
3.44E+06	4.6419E-21
3.44E+06	4.6397E-21
3.44E+06	4.6375E-21
3.45E+06	4.6353E-21
3.45E+06	4.6332E-21
3.45E+06	4.6310E-21
3.45E+06	4.6288E-21
3.45E+06	4.6266E-21
3.46E+06	4.6244E-21
3.46E+06	4.6222E-21
3.46E+06	4.6201E-21
3.46E+06	4.6179E-21
3.46E+06	4.6157E-21
3.47E+06	4.6136E-21
3.47E+06	4.6114E-21
3.47E+06	4.6092E-21
3.47E+06	4.6071E-21
3.47E+06	4.6049E-21
3.48E+06	4.6028E-21
3.48E+06	4.6006E-21
3.48E+06	4.5985E-21
3.48E+06	4.5963E-21
3.48E+06	4.5942E-21
3.49E+06	4.5920E-21
3.49E+06	4.5899E-21
3.49E+06	4.5877E-21
3.49E+06	4.5856E-21
3.49E+06	4.5835E-21
3.50E+06	4.5813E-21
3.50E+06	4.5792E-21
3.50E+06	4.5771E-21
3.50E+06	4.5749E-21
3.50E+06	4.5728E-21
3.51E+06	4.5707E-21
3.51E+06	4.5686E-21
3.51E+06	4.5664E-21
3.51E+06	4.5643E-21
3.51E+06	4.5622E-21
3.52E+06	4.5601E-21
3.52E+06	4.5580E-21
3.52E+06	4.5559E-21
3.52E+06	4.5538E-21
3.52E+06	4.5517E-21
3.53E+06	4.5496E-21
3.53E+06	4.5475E-21
3.53E+06	4.5454E-21
3.53E+06	4.5433E-21
3.53E+06	4.5412E-21
3.54E+06	4.5391E-21
3.54E+06	4.5370E-21
3.54E+06	4.5349E-21
3.54E+06	4.5328E-21
3.54E+06	4.5307E-21
3.55E+06	4.5287E-21
3.55E+06	4.5266E-21
3.55E+06	4.5245E-21
3.55E+06	4.5224E-21
3.55E+06	4.5204E-21
3.56E+06	4.5183E-21
3.56E+06	4.5162E-21
3.56E+06	4.5141E-21
3.56E+06	4.5121E-21
3.56E+06	4.5100E-21
3.57E+06	4.5080E-21
3.57E+06	4.5059E-21
3.57E+06	4.5038E-21
3.57E+06	4.5018E-21
3.57E+06	4.4997E-21
3.58E+06	4.4977E-21
3.58E+06	4.4956E-21
3.58E+06	4.4936E-21
3.58E+06	4.4915E-21
3.58E+06	4.4895E-21
3.59E+06	4.4875E-21
3.59E+06	4.4854E-21
3.59E+06	4.4834E-21
3.59E+06	4.4814E-21
3.59E+06	4.4793E-21
3.60E+06	4.4773E-21
3.60E+06	4.4753E-21
3.60E+06	4.4732E-21
3.60E+06	4.4712E-21
3.60E+06	4.4692E-21
3.61E+06	4.4672E-21
3.61E+06	4.4652E-21
3.61E+06	4.4631E-21
3.61E+06	4.4611E-21
3.61E+06	4.4591E-21
3.62E+06	4.4571E-21
3.62E+06	4.4551E-21
3.62E+06	4.4531E-21
3.62E+06	4.4511E-21
3.62E+06	4.4491E-21
3.63E+06	4.4471E-21
3.63E+06	4.4451E-21
3.63E+06	4.4431E-21
3.63E+06	4.4411E-21
3.63E+06	4.4391E-21
3.64E+06	4.4371E-21
3.64E+06	4.4351E-21
3.64E+06	4.4331E-21
3.64E+06	4.4312E-21
3.64E+06	4.4292E-21
3.65E+06	4.4272E-21
3.65E+06	4.4252E-21
3.65E+06	4.4232E-21
3.65E+06	4.4213E-21
3.65E+06	4.4193E-21
3.66E+06	4.4173E-21
3.66E+06	4.4153E-21
3.66E+06	4.4134E-21
3.66E+06	4.4114E-21
3.66E+06	4.4094E-21
3.67E+06	4.4075E-21
3.67E+06	4.4055E-21
3.67E+06	4.4036E-21
3.67E+06	4.4016E-21
3.67E+06	4.3997E-21
3.68E+06	4.3977E-21
3.68E+06	4.3958E-21
3.68E+06	4.3938E-21
3.68E+06	4.3919E-21
3.68E+06	4.3899E-21
3.69E+06	4.3880E-21
3.69E+06	4.3860E-21
3.69E+06	4.3841E-21
3.69E+06	4.3822E-21
3.69E+06	4.3802E-21
3.70E+06	4.3783E-21
3.70E+06	4.3764E-21
3.70E+06	4.3744E-21
3.70E+06	4.3725E-21
3.70E+06	4.3706E-21
3.71E+06	4.3686E-21
3.71E+06	4.3667E-21
3.71E+06	4.3648E-21
3.71E+06	4.3629E-21
3.71E+06	4.3610E-21
3.72E+06	4.3591E-21
3.72E+06	4.3571E-21
3.72E+06	4.3552E-21
3.72E+06	4.3533E-21
3.72E+06	4.3514E-21
3.73E+06	4.3495E-21
3.73E+06	4.3476E-21
3.73E+06	4.3457E-21
3.73E+06	4.3438E-21
3.73E+06	4.3419E-21
3.74E+06	4.3400E-21
3.74E+06	4.3381E-21
3.74E+06	4.3362E-21
3.74E+06	4.3343E-21
3.74E+06	4.3324E-21
3.75E+06	4.3305E-21
3.75E+06	4.3287E-21
3.75E+06	4.3268E-21
3.75E+06	4.3249E-21
3.75E+06	4.3230E-21
3.76E+06	4.3211E-21
3.76E+06	4.3193E-21
3.76E+06	4.3174E-21
3.76E+06	4.3155E-21
3.76E+06	4.3136E-21
3.77E+06	4.3118E-21
3.77E+06	4.3099E-21
3.77E+06	4.3080E-21
3.77E+06	4.3062E-21
3.77E+06	4.3043E-21
3.78E+06	4.3024E-21
3.78E+06	4.3006E-21
3.78E+06	4.2987E-21
3.78E+06	4.2969E-21
3.78E+06	4.2950E-21
3.79E+06	4.2932E-21
3.79E+06	4.2913E-21
3.79E+06	4.2895E-21
3.79E+06	4.2876E-21
3.79E+06	4.2858E-21
3.80E+06	4.2839E-21
3.80E+06	4.2821E-21
3.80E+06	4.2802E-21
3.80E+06	4.2784E-21
3.80E+06	4.2766E-21
3.81E+06	4.2747E-21
3.81E+06	4.2729E-21
3.81E+06	4.2711E-21
3.81E+06	4.2692E-21
3.81E+06	4.2674E-21
3.82E+06	4.2656E-21
3.82E+06	4.2638E-21
3.82E+06	4.2619E-21
3.82E+06	4.2601E-21
3.82E+06	4.2583E-21
3.83E+06	4.2565E-21
3.83E+06	4.2547E-21
3.83E+06	4.2528E-21
3.83E+06	4.2510E-21
3.83E+06	4.2492E-21
3.84E+06	4.2474E-21
3.84E+06	4.2456E-21
3.84E+06	4.2438E-21
3.84E+06	4.2420E-21
3.84E+06	4.2402E-21
3.85E+06	4.2384E-21
3.85E+06	4.2366E-21
3.85E+06	4.2348E-21
3.85E+06	4.2330E-21
3.85E+06	4.2312E-21
3.86E+06	4.2294E-21
3.86E+06	4.2276E-21
3.86E+06	4.2258E-21
3.86E+06	4.2240E-21
3.86E+06	4.2222E-21
3.87E+06	4.2205E-21
3.87E+06	4.2187E-21
3.87E+06	4.2169E-21
3.87E+06	4.2151E-21
3.87E+06	4.2133E-21
3.88E+06	4.2116E-21
3.88E+06	4.2098E-21
3.88E+06	4.2080E-21
3.88E+06	4.2062E-21
3.88E+06	4.2045E-21
3.89E+06	4.2027E-21
3.89E+06	4.2009E-21
3.89E+06	4.1992E-21
3.89E+06	4.1974E-21
3.89E+06	4.1956E-21
3.90E+06	4.1939E-21
3.90E+06	4.1921E-21
3.90E+06	4.1904E-21
3.90E+06	4.1886E-21
3.90E+06	4.1869E-21
3.91E+06	4.1851E-21
3.91E+06	4.1834E-21
3.91E+06	4.1816E-21
3.91E+06	4.1799E-21
3.91E+06	4.1781E-21
3.92E+06	4.1764E-21
3.92E+06	4.1746E-21
3.92E+06	4.1729E-21
3.92E+06	4.1711E-21
3.92E+06	4.1694E-21
3.93E+06	4.1677E-21
3.93E+06	4.1659E-21
3.93E+06	4.1642E-21
3.93E+06	4.1625E-21
3.93E+06	4.1607E-21
3.94E+06	4.1590E-21
3.94E+06	4.1573E-21
3.94E+06	4.1556E-21
3.94E+06	4.1538E-21
3.94E+06	4.1521E-21
3.95E+06	4.1504E-21
3.95E+06	4.1487E-21
3.95E+06	4.1469E-21
3.95E+06	4.1452E-21
3.95E+06	4.1435E-21
3.96E+06	4.1418E-21
3.96E+06	4.1401E-21
3.96E+06	4.1384E-21
3.96E+06	4.1367E-21
3.96E+06	4.1350E-21
3.97E+06	4.1333E-21
3.97E+06	4.1316E-21
3.97E+06	4.1299E-21
3.97E+06	4.1282E-21
3.97E+06	4.1265E-21
3.98E+06	4.1248E-21
3.98E+06	4.1231E-21
3.98E+06	4.1214E-21
3.98E+06	4.1197E-21
3.98E+06	4.1180E-21
3.99E+06	4.1163E-21
3.99E+06	4.1146E-21
3.99E+06	4.1129E-21
3.99E+06	4.1112E-21
3.99E+06	4.1095E-21
4.00E+06	4.1079E-21
4.00E+06	4.1062E-21
4.00E+06	4.1045E-21
4.00E+06	4.1028E-21
4.00E+06	4.1011E-21
4.01E+06	4.0995E-21
4.01E+06	4.0978E-21
4.01E+06	4.0961E-21
4.01E+06	4.0945E-21
4.01E+06	4.0928E-21
4.02E+06	4.0911E-21
4.02E+06	4.0894E-21
4.02E+06	4.0878E-21
4.02E+06	4.0861E-21
4.02E+06	4.0845E-21
4.03E+06	4.0828E-21
4.03E+06	4.0811E-21
4.03E+06	4.0795E-21
4.03E+06	4.0778E-21
4.03E+06	4.0762E-21
4.04E+06	4.0745E-21
4.04E+06	4.0729E-21
4.04E+06	4.0712E-21
4.04E+06	4.0696E-21
4.04E+06	4.0679E-21
4.05E+06	4.0663E-21
4.05E+06	4.0646E-21
4.05E+06	4.0630E-21
4.05E+06	4.0613E-21
4.05E+06	4.0597E-21
4.06E+06	4.0581E-21
4.06E+06	4.0564E-21
4.06E+06	4.0548E-21
4.06E+06	4.0532E-21
4.06E+06	4.0515E-21
4.07E+06	4.0499E-21
4.07E+06	4.0483E-21
4.07E+06	4.0466E-21
4.07E+06	4.0450E-21
4.07E+06	4.0434E-21
4.08E+06	4.0418E-21
4.08E+06	4.0401E-21
4.08E+06	4.0385E-21
4.08E+06	4.0369E-21
4.08E+06	4.0353E-21
4.09E+06	4.0337E-21
4.09E+06	4.0320E-21
4.09E+06	4.0304E-21
4.09E+06	4.0288E-21
4.09E+06	4.0272E-21
4.10E+06	4.0256E-21
4.10E+06	4.0240E-21
4.10E+06	4.0224E-21
4.10E+06	4.0208E-21
4.10E+06	4.0192E-21
4.11E+06	4.0176E-21
4.11E+06	4.0160E-21
4.11E+06	4.0144E-21
4.11E+06	4.0128E-21
4.11E+06	4.0112E-21
4.12E+06	4.0096E-21
4.12E+06	4.0080E-21
4.12E+06	4.0064E-21
4.12E+06	4.0048E-21
4.12E+06	4.0032E-21
4.13E+06	4.0016E-21
4.13E+06	4.0000E-21
4.13E+06	3.9984E-21
4.13E+06	3.9968E-21
4.13E+06	3.9953E-21
4.14E+06	3.9937E-21
4.14E+06	3.9921E-21
4.14E+06	3.9905E-21
4.14E+06	3.9889E-21
4.14E+06	3.9874E-21
4.15E+06	3.9858E-21
4.15E+06	3.9842E-21
4.15E+06	3.9826E-21
4.15E+06	3.9811E-21
4.15E+06	3.9795E-21
4.16E+06	3.9779E-21
4.16E+06	3.9764E-21
4.16E+06	3.9748E-21
4.16E+06	3.9732E-21
4.16E+06	3.9717E-21
4.17E+06	3.9701E-21
4.17E+06	3.9685E-21
4.17E+06	3.9670E-21
4.17E+06	3.9654E-21
4.17E+06	3.9639E-21
4.18E+06	3.9623E-21
4.18E+06	3.9608E-21
4.18E+06	3.9592E-21
4.18E+06	3.9577E-21
4.18E+06	3.9561E-21
4.19E+06	3.9546E-21
4.19E+06	3.9530E-21
4.19E+06	3.9515E-21
4.19E+06	3.9499E-21
4.19E+06	3.9484E-21
4.20E+06	3.9468E-21
4.20E+06	3.9453E-21
4.20E+06	3.9437E-21
4.20E+06	3.9422E-21
4.20E+06	3.9407E-21
4.21E+06	3.9391E-21
4.21E+06	3.9376E-21
4.21E+06	3.9361E-21
4.21E+06	3.9345E-21
4.21E+06	3.9330E-21
4.22E+06	3.9315E-21
4.22E+06	3.9299E-21
4.22E+06	3.9284E-21
4.22E+06	3.9269E-21
4.22E+06	3.9254E-21
4.23E+06	3.9238E-21
4.23E+06	3.9223E-21
4.23E+06	3.9208E-21
4.23E+06	3.9193E-21
4.23E+06	3.9178E-21
4.24E+06	3.9163E-21
4.24E+06	3.9147E-21
4.24E+06	3.9132E-21
4.24E+06	3.9117E-21
4.24E+06	3.9102E-21
4.25E+06	3.9087E-21
4.25E+06	3.9072E-21
4.25E+06	3.9057E-21
4.25E+06	3.9042E-21
4.25E+06	3.9027E-21
4.26E+06	3.9012E-21
4.26E+06	3.8997E-21
4.26E+06	3.8982E-21
4.26E+06	3.8967E-21
4.26E+06	3.8952E-21
4.27E+06	3.8937E-21
4.27E+06	3.8922E-21
4.27E+06	3.8907E-21
4.27E+06	3.8892E-21
4.27E+06	3.8877E-21
4.28E+06	3.8862E-21
4.28E+06	3.8847E-21
4.28E+06	3.8832E-21
4.28E+06	3.8817E-21
4.28E+06	3.8802E-21
4.29E+06	3.8788E-21
4.29E+06	3.8773E-21
4.29E+06	3.8758E-21
4.29E+06	3.8743E-21
4.29E+06	3.8728E-21
4.30E+06	3.8713E-21
4.30E+06	3.8699E-21
4.30E+06	3.8684E-21
4.30E+06	3.8669E-21
4.30E+06	3.8654E-21
4.31E+06	3.8640E-21
4.31E+06	3.8625E-21
4.31E+06	3.8610E-21
4.31E+06	3.8596E-21
4.31E+06	3.8581E-21
4.32E+06	3.8566E-21
4.32E+06	3.8552E-21
4.32E+06	3.8537E-21
4.32E+06	3.8522E-21
4.32E+06	3.8508E-21
4.33E+06	3.8493E-21
4.33E+06	3.8478E-21
4.33E+06	3.8464E-21
4.33E+06	3.8449E-21
4.33E+06	3.8435E-21
4.34E+06	3.8420E-21
4.34E+06	3.8406E-21
4.34E+06	3.8391E-21
4.34E+06	3.8377E-21
4.34E+06	3.8362E-21
4.35E+06	3.8348E-21
4.35E+06	3.8333E-21
4.35E+06	3.8319E-21
4.35E+06	3.8304E-21
4.35E+06	3.8290E-21
4.36E+06	3.8275E-21
4.36E+06	3.8261E-21
4.36E+06	3.8247E-21
4.36E+06	3.8232E-21
4.36E+06	3.8218E-21
4.37E+06	3.8203E-21
4.37E+06	3.8189E-21
4.37E+06	3.8175E-21
4.37E+06	3.8160E-21
4.37E+06	3.8146E-21
4.38E+06	3.8132E-21
4.38E+06	3.8117E-21
4.38E+06	3.8103E-21
4.38E+06	3.8089E-21
4.38E+06	3.8075E-21
4.39E+06	3.8060E-21
4.39E+06	3.8046E-21
4.39E+06	3.8032E-21
4.39E+06	3.8018E-21
4.39E+06	3.8004E-21
4.40E+06	3.7989E-21
4.40E+06	3.7975E-21
4.40E+06	3.7961E-21
4.40E+06	3.7947E-21
4.40E+06	3.7933E-21
4.41E+06	3.7919E-21
4.41E+06	3.7904E-21
4.41E+06	3.7890E-21
4.41E+06	3.7876E-21
4.41E+06	3.7862E-21
4.42E+06	3.7848E-21
4.42E+06	3.7834E-21
4.42E+06	3.7820E-21
4.42E+06	3.7806E-21
4.42E+06	3.7792E-21
4.43E+06	3.7778E-21
4.43E+06	3.7764E-21
4.43E+06	3.7750E-21
4.43E+06	3.7736E-21
4.43E+06	3.7722E-21
4.44E+06	3.7708E-21
4.44E+06	3.7694E-21
4.44E+06	3.7680E-21
4.44E+06	3.7666E-21
4.44E+06	3.7652E-21
4.45E+06	3.7638E-21
4.45E+06	3.7624E-21
4.45E+06	3.7610E-21
4.45E+06	3.7597E-21
4.45E+06	3.7583E-21
4.46E+06	3.7569E-21
4.46E+06	3.7555E-21
4.46E+06	3.7541E-21
4.46E+06	3.7527E-21
4.46E+06	3.7513E-21
4.47E+06	3.7500E-21
4.47E+06	3.7486E-21
4.47E+06	3.7472E-21
4.47E+06	3.7458E-21
4.47E+06	3.7445E-21
4.48E+06	3.7431E-21
4.48E+06	3.7417E-21
4.48E+06	3.7403E-21
4.48E+06	3.7390E-21
4.48E+06	3.7376E-21
4.49E+06	3.7362E-21
4.49E+06	3.7349E-21
4.49E+06	3.7335E-21
4.49E+06	3.7321E-21
4.49E+06	3.7308E-21
4.50E+06	3.7294E-21
4.50E+06	3.7280E-21
4.50E+06	3.7267E-21
4.50E+06	3.7253E-21
4.50E+06	3.7240E-21
4.51E+06	3.7226E-21
4.51E+06	3.7212E-21
4.51E+06	3.7199E-21
4.51E+06	3.7185E-21
4.51E+06	3.7172E-21
4.52E+06	3.7158E-21
4.52E+06	3.7145E-21
4.52E+06	3.7131E-21
4.52E+06	3.7118E-21
4.52E+06	3.7104E-21
4.53E+06	3.7091E-21
4.53E+06	3.7077E-21
4.53E+06	3.7064E-21
4.53E+06	3.7050E-21
4.53E+06	3.7037E-21
4.54E+06	3.7024E-21
4.54E+06	3.7010E-21
4.54E+06	3.6997E-21
4.54E+06	3.6983E-21
4.54E+06	3.6970E-21
4.55E+06	3.6957E-21
4.55E+06	3.6943E-21
4.55E+06	3.6930E-21
4.55E+06	3.6917E-21
4.55E+06	3.6903E-21
4.56E+06	3.6890E-21
4.56E+06	3.6877E-21
4.56E+06	3.6863E-21
4.56E+06	3.6850E-21
4.56E+06	3.6837E-21
4.57E+06	3.6824E-21
4.57E+06	3.6810E-21
4.57E+06	3.6797E-21
4.57E+06	3.6784E-21
4.57E+06	3.6771E-21
4.58E+06	3.6757E-21
4.58E+06	3.6744E-21
4.58E+06	3.6731E-21
4.58E+06	3.6718E-21
4.58E+06	3.6705E-21
4.59E+06	3.6691E-21
4.59E+06	3.6678E-21
4.59E+06	3.6665E-21
4.59E+06	3.6652E-21
4.59E+06	3.6639E-21
4.60E+06	3.6626E-21
4.60E+06	3.6613E-21
4.60E+06	3.6600E-21
4.60E+06	3.6587E-21
4.60E+06	3.6574E-21
4.61E+06	3.6560E-21
4.61E+06	3.6547E-21
4.61E+06	3.6534E-21
4.61E+06	3.6521E-21
4.61E+06	3.6508E-21
4.62E+06	3.6495E-21
4.62E+06	3.6482E-21
4.62E+06	3.6469E-21
4.62E+06	3.6456E-21
4.62E+06	3.6443E-21
4.63E+06	3.6430E-21
4.63E+06	3.6417E-21
4.63E+06	3.6405E-21
4.63E+06	3.6392E-21
4.63E+06	3.6379E-21
4.64E+06	3.6366E-21
4.64E+06	3.6353E-21
4.64E+06	3.6340E-21
4.64E+06	3.6327E-21
4.64E+06	3.6314E-21
4.65E+06	3.6301E-21
4.65E+06	3.6289E-21
4.65E+06	3.6276E-21
4.65E+06	3.6263E-21
4.65E+06	3.6250E-21
4.66E+06	3.6237E-21
4.66E+06	3.6224E-21
4.66E+06	3.6212E-21
4.66E+06	3.6199E-21
4.66E+06	3.6186E-21
4.67E+06	3.6173E-21
4.67E+06	3.6161E-21
4.67E+06	3.6148E-21
4.67E+06	3.6135E-21
4.67E+06	3.6122E-21
4.68E+06	3.6110E-21
4.68E+06	3.6097E-21
4.68E+06	3.6084E-21
4.68E+06	3.6072E-21
4.68E+06	3.6059E-21
4.69E+06	3.6046E-21
4.69E+06	3.6034E-21
4.69E+06	3.6021E-21
4.69E+06	3.6008E-21
4.69E+06	3.5996E-21
4.70E+06	3.5983E-21
4.70E+06	3.5971E-21
4.70E+06	3.5958E-21
4.70E+06	3.5945E-21
4.70E+06	3.5933E-21
4.71E+06	3.5920E-21
4.71E+06	3.5908E-21
4.71E+06	3.5895E-21
4.71E+06	3.5883E-21
4.71E+06	3.5870E-21
4.72E+06	3.5858E-21
4.72E+06	3.5845E-21
4.72E+06	3.5833E-21
4.72E+06	3.5820E-21
4.72E+06	3.5808E-21
4.73E+06	3.5795E-21
4.73E+06	3.5783E-21
4.73E+06	3.5770E-21
4.73E+06	3.5758E-21
4.73E+06	3.5745E-21
4.74E+06	3.5733E-21
4.74E+06	3.5720E-21
4.74E+06	3.5708E-21
4.74E+06	3.5696E-21
4.74E+06	3.5683E-21
4.75E+06	3.5671E-21
4.75E+06	3.5659E-21
4.75E+06	3.5646E-21
4.75E+06	3.5634E-21
4.75E+06	3.5622E-21
4.76E+06	3.5609E-21
4.76E+06	3.5597E-21
4.76E+06	3.5585E-21
4.76E+06	3.5572E-21
4.76E+06	3.5560E-21
4.77E+06	3.5548E-21
4.77E+06	3.5535E-21
4.77E+06	3.5523E-21
4.77E+06	3.5511E-21
4.77E+06	3.5499E-21
4.78E+06	3.5486E-21
4.78E+06	3.5474E-21
4.78E+06	3.5462E-21
4.78E+06	3.5450E-21
4.78E+06	3.5438E-21
4.79E+06	3.5425E-21
4.79E+06	3.5413E-21
4.79E+06	3.5401E-21
4.79E+06	3.5389E-21
4.79E+06	3.5377E-21
4.80E+06	3.5365E-21
4.80E+06	3.5352E-21
4.80E+06	3.5340E-21
4.80E+06	3.5328E-21
4.80E+06	3.5316E-21
4.81E+06	3.5304E-21
4.81E+06	3.5292E-21
4.81E+06	3.5280E-21
4.81E+06	3.5268E-21
4.81E+06	3.5256E-21
4.82E+06	3.5244E-21
4.82E+06	3.5232E-21
4.82E+06	3.5219E-21
4.82E+06	3.5207E-21
4.82E+06	3.5195E-21
4.83E+06	3.5183E-21
4.83E+06	3.5171E-21
4.83E+06	3.5159E-21
4.83E+06	3.5147E-21
4.83E+06	3.5135E-21
4.84E+06	3.5123E-21
4.84E+06	3.5112E-21
4.84E+06	3.5100E-21
4.84E+06	3.5088E-21
4.84E+06	3.5076E-21
4.85E+06	3.5064E-21
4.85E+06	3.5052E-21
4.85E+06	3.5040E-21
4.85E+06	3.5028E-21
4.85E+06	3.5016E-21
4.86E+06	3.5004E-21
4.86E+06	3.4992E-21
4.86E+06	3.4981E-21
4.86E+06	3.4969E-21
4.86E+06	3.4957E-21
4.87E+06	3.4945E-21
4.87E+06	3.4933E-21
4.87E+06	3.4921E-21
4.87E+06	3.4910E-21
4.87E+06	3.4898E-21
4.88E+06	3.4886E-21
4.88E+06	3.4874E-21
4.88E+06	3.4862E-21
4.88E+06	3.4851E-21
4.88E+06	3.4839E-21
4.89E+06	3.4827E-21
4.89E+06	3.4815E-21
4.89E+06	3.4804E-21
4.89E+06	3.4792E-21
4.89E+06	3.4780E-21
4.90E+06	3.4769E-21
4.90E+06	3.4757E-21
4.90E+06	3.4745E-21
4.90E+06	3.4733E-21
4.90E+06	3.4722E-21
4.91E+06	3.4710E-21
4.91E+06	3.4699E-21
4.91E+06	3.4687E-21
4.91E+06	3.4675E-21
4.91E+06	3.4664E-21
4.92E+06	3.4652E-21
4.92E+06	3.4640E-21
4.92E+06	3.4629E-21
4.92E+06	3.4617E-21
4.92E+06	3.4606E-21
4.93E+06	3.4594E-21
4.93E+06	3.4582E-21
4.93E+06	3.4571E-21
4.93E+06	3.4559E-21
4.93E+06	3.4548E-21
4.94E+06	3.4536E-21
4.94E+06	3.4525E-21
4.94E+06	3.4513E-21
4.94E+06	3.4502E-21
4.94E+06	3.4490E-21
4.95E+06	3.4479E-21
4.95E+06	3.4467E-21
4.95E+06	3.4456E-21
4.95E+06	3.4444E-21
4.95E+06	3.4433E-21
4.96E+06	3.4421E-21
4.96E+06	3.4410E-21
4.96E+06	3.4398E-21
4.96E+06	3.4387E-21
4.96E+06	3.4376E-21
4.97E+06	3.4364E-21
4.97E+06	3.4353E-21
4.97E+06	3.4341E-21
4.97E+06	3.4330E-21
4.97E+06	3.4319E-21
4.98E+06	3.4307E-21
4.98E+06	3.4296E-21
4.98E+06	3.4285E-21
4.98E+06	3.4273E-21
4.98E+06	3.4262E-21
4.99E+06	3.4251E-21
4.99E+06	3.4239E-21
4.99E+06	3.4228E-21
4.99E+06	3.4217E-21
4.99E+06	3.4205E-21
5.00E+06	3.4194E-21
5.00E+06	3.4183E-21
5.00E+06	3.4171E-21
5.00E+06	3.4160E-21
5.00E+06	3.4149E-21
5.01E+06	3.4138E-21
5.01E+06	3.4126E-21
5.01E+06	3.4115E-21
5.01E+06	3.4104E-21
5.01E+06	3.4093E-21
5.02E+06	3.4082E-21
5.02E+06	3.4070E-21
5.02E+06	3.4059E-21
5.02E+06	3.4048E-21
5.02E+06	3.4037E-21
5.03E+06	3.4026E-21
5.03E+06	3.4014E-21
5.03E+06	3.4003E-21
5.03E+06	3.3992E-21
5.03E+06	3.3981E-21
5.04E+06	3.3970E-21
5.04E+06	3.3959E-21
5.04E+06	3.3948E-21
5.04E+06	3.3937E-21
5.04E+06	3.3925E-21
5.05E+06	3.3914E-21
5.05E+06	3.3903E-21
5.05E+06	3.3892E-21
5.05E+06	3.3881E-21
5.05E+06	3.3870E-21
5.06E+06	3.3859E-21
5.06E+06	3.3848E-21
5.06E+06	3.3837E-21
5.06E+06	3.3826E-21
5.06E+06	3.3815E-21
5.07E+06	3.3804E-21
5.07E+06	3.3793E-21
5.07E+06	3.3782E-21
5.07E+06	3.3771E-21
5.07E+06	3.3760E-21
5.08E+06	3.3749E-21
5.08E+06	3.3738E-21
5.08E+06	3.3727E-21
5.08E+06	3.3716E-21
5.08E+06	3.3705E-21
5.09E+06	3.3694E-21
5.09E+06	3.3683E-21
5.09E+06	3.3672E-21
5.09E+06	3.3661E-21
5.09E+06	3.3651E-21
5.10E+06	3.3640E-21
5.10E+06	3.3629E-21
5.10E+06	3.3618E-21
5.10E+06	3.3607E-21
5.10E+06	3.3596E-21
5.11E+06	3.3585E-21
5.11E+06	3.3574E-21
5.11E+06	3.3564E-21
5.11E+06	3.3553E-21
5.11E+06	3.3542E-21
5.12E+06	3.3531E-21
5.12E+06	3.3520E-21
5.12E+06	3.3510E-21
5.12E+06	3.3499E-21
5.12E+06	3.3488E-21
5.13E+06	3.3477E-21
5.13E+06	3.3466E-21
5.13E+06	3.3456E-21
5.13E+06	3.3445E-21
5.13E+06	3.3434E-21
5.14E+06	3.3423E-21
5.14E+06	3.3413E-21
5.14E+06	3.3402E-21
5.14E+06	3.3391E-21
5.14E+06	3.3380E-21
5.15E+06	3.3370E-21
5.15E+06	3.3359E-21
5.15E+06	3.3348E-21
5.15E+06	3.3338E-21
5.15E+06	3.3327E-21
5.16E+06	3.3316E-21
5.16E+06	3.3306E-21
5.16E+06	3.3295E-21
5.16E+06	3.3284E-21
5.16E+06	3.3274E-21
5.17E+06	3.3263E-21
5.17E+06	3.3253E-21
5.17E+06	3.3242E-21
5.17E+06	3.3231E-21
5.17E+06	3.3221E-21
5.18E+06	3.3210E-21
5.18E+06	3.3200E-21
5.18E+06	3.3189E-21
5.18E+06	3.3178E-21
5.18E+06	3.3168E-21
5.19E+06	3.3157E-21
5.19E+06	3.3147E-21
5.19E+06	3.3136E-21
5.19E+06	3.3126E-21
5.19E+06	3.3115E-21
5.20E+06	3.3105E-21
5.20E+06	3.3094E-21
5.20E+06	3.3084E-21
5.20E+06	3.3073E-21
5.20E+06	3.3063E-21
5.21E+06	3.3052E-21
5.21E+06	3.3042E-21
5.21E+06	3.3031E-21
5.21E+06	3.3021E-21
5.21E+06	3.3010E-21
5.22E+06	3.3000E-21
5.22E+06	3.2989E-21
5.22E+06	3.2979E-21
5.22E+06	3.2968E-21
5.22E+06	3.2958E-21
5.23E+06	3.2948E-21
5.23E+06	3.2937E-21
5.23E+06	3.2927E-21
5.23E+06	3.2916E-21
5.23E+06	3.2906E-21
5.24E+06	3.2896E-21
5.24E+06	3.2885E-21
5.24E+06	3.2875E-21
5.24E+06	3.2865E-21
5.24E+06	3.2854E-21
5.25E+06	3.2844E-21
5.25E+06	3.2834E-21
5.25E+06	3.2823E-21
5.25E+06	3.2813E-21
5.25E+06	3.2803E-21
5.26E+06	3.2792E-21
5.26E+06	3.2782E-21
5.26E+06	3.2772E-21
5.26E+06	3.2761E-21
5.26E+06	3.2751E-21
5.27E+06	3.2741E-21
5.27E+06	3.2731E-21
5.27E+06	3.2720E-21
5.27E+06	3.2710E-21
5.27E+06	3.2700E-21
5.28E+06	3.2690E-21
5.28E+06	3.2679E-21
5.28E+06	3.2669E-21
5.28E+06	3.2659E-21
5.28E+06	3.2649E-21
5.29E+06	3.2638E-21
5.29E+06	3.2628E-21
5.29E+06	3.2618E-21
5.29E+06	3.2608E-21
5.29E+06	3.2598E-21
5.30E+06	3.2588E-21
5.30E+06	3.2577E-21
5.30E+06	3.2567E-21
5.30E+06	3.2557E-21
5.30E+06	3.2547E-21
5.31E+06	3.2537E-21
5.31E+06	3.2527E-21
5.31E+06	3.2517E-21
5.31E+06	3.2506E-21
5.31E+06	3.2496E-21
5.32E+06	3.2486E-21
5.32E+06	3.2476E-21
5.32E+06	3.2466E-21
5.32E+06	3.2456E-21
5.32E+06	3.2446E-21
5.33E+06	3.2436E-21
5.33E+06	3.2426E-21
5.33E+06	3.2416E-21
5.33E+06	3.2406E-21
5.33E+06	3.2396E-21
5.34E+06	3.2386E-21
5.34E+06	3.2376E-21
5.34E+06	3.2366E-21
5.34E+06	3.2356E-21
5.34E+06	3.2346E-21
5.35E+06	3.2336E-21
5.35E+06	3.2326E-21
5.35E+06	3.2316E-21
5.35E+06	3.2306E-21
5.35E+06	3.2296E-21
5.36E+06	3.2286E-21
5.36E+06	3.2276E-21
5.36E+06	3.2266E-21
5.36E+06	3.2256E-21
5.36E+06	3.2246E-21
5.37E+06	3.2236E-21
5.37E+06	3.2226E-21
5.37E+06	3.2216E-21
5.37E+06	3.2206E-21
5.37E+06	3.2196E-21
5.38E+06	3.2186E-21
5.38E+06	3.2177E-21
5.38E+06	3.2167E-21
5.38E+06	3.2157E-21
5.38E+06	3.2147E-21
5.39E+06	3.2137E-21
5.39E+06	3.2127E-21
5.39E+06	3.2117E-21
5.39E+06	3.2108E-21
5.39E+06	3.2098E-21
5.40E+06	3.2088E-21
5.40E+06	3.2078E-21
5.40E+06	3.2068E-21
5.40E+06	3.2058E-21
5.40E+06	3.2049E-21
5.41E+06	3.2039E-21
5.41E+06	3.2029E-21
5.41E+06	3.2019E-21
5.41E+06	3.2009E-21
5.41E+06	3.2000E-21
5.42E+06	3.1990E-21
5.42E+06	3.1980E-21
5.42E+06	3.1970E-21
5.42E+06	3.1961E-21
5.42E+06	3.1951E-21
5.43E+06	3.1941E-21
5.43E+06	3.1931E-21
5.43E+06	3.1922E-21
5.43E+06	3.1912E-21
5.43E+06	3.1902E-21
5.44E+06	3.1893E-21
5.44E+06	3.1883E-21
5.44E+06	3.1873E-21
5.44E+06	3.1863E-21
5.44E+06	3.1854E-21
5.45E+06	3.1844E-21
5.45E+06	3.1834E-21
5.45E+06	3.1825E-21
5.45E+06	3.1815E-21
5.45E+06	3.1806E-21
5.46E+06	3.1796E-21
5.46E+06	3.1786E-21
5.46E+06	3.1777E-21
5.46E+06	3.1767E-21
5.46E+06	3.1757E-21
5.47E+06	3.1748E-21
5.47E+06	3.1738E-21
5.47E+06	3.1729E-21
5.47E+06	3.1719E-21
5.47E+06	3.1709E-21
5.48E+06	3.1700E-21
5.48E+06	3.1690E-21
5.48E+06	3.1681E-21
5.48E+06	3.1671E-21
5.48E+06	3.1662E-21
5.49E+06	3.1652E-21
5.49E+06	3.1643E-21
5.49E+06	3.1633E-21
5.49E+06	3.1623E-21
5.49E+06	3.1614E-21
5.50E+06	3.1604E-21
5.50E+06	3.1595E-21
5.50E+06	3.1585E-21
5.50E+06	3.1576E-21
5.50E+06	3.1566E-21
5.51E+06	3.1557E-21
5.51E+06	3.1547E-21
5.51E+06	3.1538E-21
5.51E+06	3.1529E-21
5.51E+06	3.1519E-21
5.52E+06	3.1510E-21
5.52E+06	3.1500E-21
5.52E+06	3.1491E-21
5.52E+06	3.1481E-21
5.52E+06	3.1472E-21
5.53E+06	3.1462E-21
5.53E+06	3.1453E-21
5.53E+06	3.1444E-21
5.53E+06	3.1434E-21
5.53E+06	3.1425E-21
5.54E+06	3.1415E-21
5.54E+06	3.1406E-21
5.54E+06	3.1397E-21
5.54E+06	3.1387E-21
5.54E+06	3.1378E-21
5.55E+06	3.1369E-21
5.55E+06	3.1359E-21
5.55E+06	3.1350E-21
5.55E+06	3.1341E-21
5.55E+06	3.1331E-21
5.56E+06	3.1322E-21
5.56E+06	3.1313E-21
5.56E+06	3.1303E-21
5.56E+06	3.1294E-21
5.56E+06	3.1285E-21
5.57E+06	3.1275E-21
5.57E+06	3.1266E-21
5.57E+06	3.1257E-21
5.57E+06	3.1248E-21
5.57E+06	3.1238E-21
5.58E+06	3.1229E-21
5.58E+06	3.1220E-21
5.58E+06	3.1210E-21
5.58E+06	3.1201E-21
5.58E+06	3.1192E-21
5.59E+06	3.1183E-21
5.59E+06	3.1173E-21
5.59E+06	3.1164E-21
5.59E+06	3.1155E-21
5.59E+06	3.1146E-21
5.60E+06	3.1137E-21
5.60E+06	3.1127E-21
5.60E+06	3.1118E-21
5.60E+06	3.1109E-21
5.60E+06	3.1100E-21
5.61E+06	3.1091E-21
5.61E+06	3.1081E-21
5.61E+06	3.1072E-21
5.61E+06	3.1063E-21
5.61E+06	3.1054E-21
5.62E+06	3.1045E-21
5.62E+06	3.1036E-21
5.62E+06	3.1027E-21
5.62E+06	3.1017E-21
5.62E+06	3.1008E-21
5.63E+06	3.0999E-21
5.63E+06	3.0990E-21
5.63E+06	3.0981E-21
5.63E+06	3.0972E-21
5.63E+06	3.0963E-21
5.64E+06	3.0954E-21
5.64E+06	3.0945E-21
5.64E+06	3.0935E-21
5.64E+06	3.0926E-21
5.64E+06	3.0917E-21
5.65E+06	3.0908E-21
5.65E+06	3.0899E-21
5.65E+06	3.0890E-21
5.65E+06	3.0881E-21
5.65E+06	3.0872E-21
5.66E+06	3.0863E-21
5.66E+06	3.0854E-21
5.66E+06	3.0845E-21
5.66E+06	3.0836E-21
5.66E+06	3.0827E-21
5.67E+06	3.0818E-21
5.67E+06	3.0809E-21
5.67E+06	3.0800E-21
5.67E+06	3.0791E-21
5.67E+06	3.0782E-21
5.68E+06	3.0773E-21
5.68E+06	3.0764E-21
5.68E+06	3.0755E-21
5.68E+06	3.0746E-21
5.68E+06	3.0737E-21
5.69E+06	3.0728E-21
5.69E+06	3.0719E-21
5.69E+06	3.0710E-21
5.69E+06	3.0701E-21
5.69E+06	3.0692E-21
5.70E+06	3.0684E-21
5.70E+06	3.0675E-21
5.70E+06	3.0666E-21
5.70E+06	3.0657E-21
5.70E+06	3.0648E-21
5.71E+06	3.0639E-21
5.71E+06	3.0630E-21
5.71E+06	3.0621E-21
5.71E+06	3.0612E-21
5.71E+06	3.0604E-21
5.72E+06	3.0595E-21
5.72E+06	3.0586E-21
5.72E+06	3.0577E-21
5.72E+06	3.0568E-21
5.72E+06	3.0559E-21
5.73E+06	3.0550E-21
5.73E+06	3.0542E-21
5.73E+06	3.0533E-21
5.73E+06	3.0524E-21
5.73E+06	3.0515E-21
5.74E+06	3.0506E-21
5.74E+06	3.0498E-21
5.74E+06	3.0489E-21
5.74E+06	3.0480E-21
5.74E+06	3.0471E-21
5.75E+06	3.0462E-21
5.75E+06	3.0454E-21
5.75E+06	3.0445E-21
5.75E+06	3.0436E-21
5.75E+06	3.0427E-21
5.76E+06	3.0419E-21
5.76E+06	3.0410E-21
5.76E+06	3.0401E-21
5.76E+06	3.0392E-21
5.76E+06	3.0384E-21
5.77E+06	3.0375E-21
5.77E+06	3.0366E-21
5.77E+06	3.0357E-21
5.77E+06	3.0349E-21
5.77E+06	3.0340E-21
5.78E+06	3.0331E-21
5.78E+06	3.0323E-21
5.78E+06	3.0314E-21
5.78E+06	3.0305E-21
5.78E+06	3.0297E-21
5.79E+06	3.0288E-21
5.79E+06	3.0279E-21
5.79E+06	3.0271E-21
5.79E+06	3.0262E-21
5.79E+06	3.0253E-21
5.80E+06	3.0245E-21
5.80E+06	3.0236E-21
5.80E+06	3.0227E-21
5.80E+06	3.0219E-21
5.80E+06	3.0210E-21
5.81E+06	3.0201E-21
5.81E+06	3.0193E-21
5.81E+06	3.0184E-21
5.81E+06	3.0176E-21
5.81E+06	3.0167E-21
5.82E+06	3.0158E-21
5.82E+06	3.0150E-21
5.82E+06	3.0141E-21
5.82E+06	3.0133E-21
5.82E+06	3.0124E-21
5.83E+06	3.0116E-21
5.83E+06	3.0107E-21
5.83E+06	3.0098E-21
5.83E+06	3.0090E-21
5.83E+06	3.0081E-21
5.84E+06	3.0073E-21
5.84E+06	3.0064E-21
5.84E+06	3.0056E-21
5.84E+06	3.0047E-21
5.84E+06	3.0039E-21
5.85E+06	3.0030E-21
5.85E+06	3.0022E-21
5.85E+06	3.0013E-21
5.85E+06	3.0005E-21
5.85E+06	2.9996E-21
5.86E+06	2.9988E-21
5.86E+06	2.9979E-21
5.86E+06	2.9971E-21
5.86E+06	2.9962E-21
5.86E+06	2.9954E-21
5.87E+06	2.9945E-21
5.87E+06	2.9937E-21
5.87E+06	2.9928E-21
5.87E+06	2.9920E-21
5.87E+06	2.9912E-21
5.88E+06	2.9903E-21
5.88E+06	2.9895E-21
5.88E+06	2.9886E-21
5.88E+06	2.9878E-21
5.88E+06	2.9869E-21
5.89E+06	2.9861E-21
5.89E+06	2.9853E-21
5.89E+06	2.9844E-21
5.89E+06	2.9836E-21
5.89E+06	2.9827E-21
5.90E+06	2.9819E-21
5.90E+06	2.9811E-21
5.90E+06	2.9802E-21
5.90E+06	2.9794E-21
5.90E+06	2.9786E-21
5.91E+06	2.9777E-21
5.91E+06	2.9769E-21
5.91E+06	2.9760E-21
5.91E+06	2.9752E-21
5.91E+06	2.9744E-21
5.92E+06	2.9735E-21
5.92E+06	2.9727E-21
5.92E+06	2.9719E-21
5.92E+06	2.9711E-21
5.92E+06	2.9702E-21
5.93E+06	2.9694E-21
5.93E+06	2.9686E-21
5.93E+06	2.9677E-21
5.93E+06	2.9669E-21
5.93E+06	2.9661E-21
5.94E+06	2.9652E-21
5.94E+06	2.9644E-21
5.94E+06	2.9636E-21
5.94E+06	2.9628E-21
5.94E+06	2.9619E-21
5.95E+06	2.9611E-21
5.95E+06	2.9603E-21
5.95E+06	2.9595E-21
5.95E+06	2.9586E-21
5.95E+06	2.9578E-21
5.96E+06	2.9570E-21
5.96E+06	2.9562E-21
5.96E+06	2.9553E-21
5.96E+06	2.9545E-21
5.96E+06	2.9537E-21
5.97E+06	2.9529E-21
5.97E+06	2.9521E-21
5.97E+06	2.9512E-21
5.97E+06	2.9504E-21
5.97E+06	2.9496E-21
5.98E+06	2.9488E-21
5.98E+06	2.9480E-21
5.98E+06	2.9471E-21
5.98E+06	2.9463E-21
5.98E+06	2.9455E-21
5.99E+06	2.9447E-21
5.99E+06	2.9439E-21
5.99E+06	2.9431E-21
5.99E+06	2.9423E-21
5.99E+06	2.9414E-21
6.00E+06	2.9406E-21
6.00E+06	2.9398E-21
6.00E+06	2.9390E-21
6.00E+06	2.9382E-21
6.00E+06	2.9374E-21
6.01E+06	2.9366E-21
6.01E+06	2.9358E-21
6.01E+06	2.9349E-21
6.01E+06	2.9341E-21
6.01E+06	2.9333E-21
6.02E+06	2.9325E-21
6.02E+06	2.9317E-21
6.02E+06	2.9309E-21
6.02E+06	2.9301E-21
6.02E+06	2.9293E-21
6.03E+06	2.9285E-21
6.03E+06	2.9277E-21
6.03E+06	2.9269E-21
6.03E+06	2.9261E-21
6.03E+06	2.9253E-21
6.04E+06	2.9245E-21
6.04E+06	2.9237E-21
6.04E+06	2.9229E-21
6.04E+06	2.9221E-21
6.04E+06	2.9213E-21
6.05E+06	2.9205E-21
6.05E+06	2.9196E-21
6.05E+06	2.9188E-21
6.05E+06	2.9180E-21
6.05E+06	2.9172E-21
6.06E+06	2.9165E-21
6.06E+06	2.9157E-21
6.06E+06	2.9149E-21
6.06E+06	2.9141E-21
6.06E+06	2.9133E-21
6.07E+06	2.9125E-21
6.07E+06	2.9117E-21
6.07E+06	2.9109E-21
6.07E+06	2.9101E-21
6.07E+06	2.9093E-21
6.08E+06	2.9085E-21
6.08E+06	2.9077E-21
6.08E+06	2.9069E-21
6.08E+06	2.9061E-21
6.08E+06	2.9053E-21
6.09E+06	2.9045E-21
6.09E+06	2.9037E-21
6.09E+06	2.9029E-21
6.09E+06	2.9022E-21
6.09E+06	2.9014E-21
6.10E+06	2.9006E-21
6.10E+06	2.8998E-21
6.10E+06	2.8990E-21
6.10E+06	2.8982E-21
6.10E+06	2.8974E-21
6.11E+06	2.8966E-21
6.11E+06	2.8958E-21
6.11E+06	2.8951E-21
6.11E+06	2.8943E-21
6.11E+06	2.8935E-21
6.12E+06	2.8927E-21
6.12E+06	2.8919E-21
6.12E+06	2.8911E-21
6.12E+06	2.8904E-21
6.12E+06	2.8896E-21
6.13E+06	2.8888E-21
6.13E+06	2.8880E-21
6.13E+06	2.8872E-21
6.13E+06	2.8864E-21
6.13E+06	2.8857E-21
6.14E+06	2.8849E-21
6.14E+06	2.8841E-21
6.14E+06	2.8833E-21
6.14E+06	2.8825E-21
6.14E+06	2.8818E-21
6.15E+06	2.8810E-21
6.15E+06	2.8802E-21
6.15E+06	2.8794E-21
6.15E+06	2.8787E-21
6.15E+06	2.8779E-21
6.16E+06	2.8771E-21
6.16E+06	2.8763E-21
6.16E+06	2.8756E-21
6.16E+06	2.8748E-21
6.16E+06	2.8740E-21
6.17E+06	2.8732E-21
6.17E+06	2.8725E-21
6.17E+06	2.8717E-21
6.17E+06	2.8709E-21
6.17E+06	2.8701E-21
6.18E+06	2.8694E-21
6.18E+06	2.8686E-21
6.18E+06	2.8678E-21
6.18E+06	2.8671E-21
6.18E+06	2.8663E-21
6.19E+06	2.8655E-21
6.19E+06	2.8648E-21
6.19E+06	2.8640E-21
6.19E+06	2.8632E-21
6.19E+06	2.8624E-21
6.20E+06	2.8617E-21
6.20E+06	2.8609E-21
6.20E+06	2.8602E-21
6.20E+06	2.8594E-21
6.20E+06	2.8586E-21
6.21E+06	2.8579E-21
6.21E+06	2.8571E-21
6.21E+06	2.8563E-21
6.21E+06	2.8556E-21
6.21E+06	2.8548E-21
6.22E+06	2.8540E-21
6.22E+06	2.8533E-21
6.22E+06	2.8525E-21
6.22E+06	2.8518E-21
6.22E+06	2.8510E-21
6.23E+06	2.8502E-21
6.23E+06	2.8495E-21
6.23E+06	2.8487E-21
6.23E+06	2.8480E-21
6.23E+06	2.8472E-21
6.24E+06	2.8464E-21
6.24E+06	2.8457E-21
6.24E+06	2.8449E-21
6.24E+06	2.8442E-21
6.24E+06	2.8434E-21
6.25E+06	2.8427E-21
6.25E+06	2.8419E-21
6.25E+06	2.8411E-21
6.25E+06	2.8404E-21
6.25E+06	2.8396E-21
6.26E+06	2.8389E-21
6.26E+06	2.8381E-21
6.26E+06	2.8374E-21
6.26E+06	2.8366E-21
6.26E+06	2.8359E-21
6.27E+06	2.8351E-21
6.27E+06	2.8344E-21
6.27E+06	2.8336E-21
6.27E+06	2.8329E-21
6.27E+06	2.8321E-21
6.28E+06	2.8314E-21
6.28E+06	2.8306E-21
6.28E+06	2.8299E-21
6.28E+06	2.8291E-21
6.28E+06	2.8284E-21
6.29E+06	2.8276E-21
6.29E+06	2.8269E-21
6.29E+06	2.8261E-21
6.29E+06	2.8254E-21
6.29E+06	2.8247E-21
6.30E+06	2.8239E-21
6.30E+06	2.8232E-21
6.30E+06	2.8224E-21
6.30E+06	2.8217E-21
6.30E+06	2.8209E-21
6.31E+06	2.8202E-21
6.31E+06	2.8194E-21
6.31E+06	2.8187E-21
6.31E+06	2.8180E-21
6.31E+06	2.8172E-21
6.32E+06	2.8165E-21
6.32E+06	2.8157E-21
6.32E+06	2.8150E-21
6.32E+06	2.8143E-21
6.32E+06	2.8135E-21
6.33E+06	2.8128E-21
6.33E+06	2.8120E-21
6.33E+06	2.8113E-21
6.33E+06	2.8106E-21
6.33E+06	2.8098E-21
6.34E+06	2.8091E-21
6.34E+06	2.8084E-21
6.34E+06	2.8076E-21
6.34E+06	2.8069E-21
6.34E+06	2.8062E-21
6.35E+06	2.8054E-21
6.35E+06	2.8047E-21
6.35E+06	2.8040E-21
6.35E+06	2.8032E-21
6.35E+06	2.8025E-21
6.36E+06	2.8018E-21
6.36E+06	2.8010E-21
6.36E+06	2.8003E-21
6.36E+06	2.7996E-21
6.36E+06	2.7988E-21
6.37E+06	2.7981E-21
6.37E+06	2.7974E-21
6.37E+06	2.7966E-21
6.37E+06	2.7959E-21
6.37E+06	2.7952E-21
6.38E+06	2.7945E-21
6.38E+06	2.7937E-21
6.38E+06	2.7930E-21
6.38E+06	2.7923E-21
6.38E+06	2.7916E-21
6.39E+06	2.7908E-21
6.39E+06	2.7901E-21
6.39E+06	2.7894E-21
6.39E+06	2.7886E-21
6.39E+06	2.7879E-21
6.40E+06	2.7872E-21
6.40E+06	2.7865E-21
6.40E+06	2.7858E-21
6.40E+06	2.7850E-21
6.40E+06	2.7843E-21
6.41E+06	2.7836E-21
6.41E+06	2.7829E-21
6.41E+06	2.7821E-21
6.41E+06	2.7814E-21
6.41E+06	2.7807E-21
6.42E+06	2.7800E-21
6.42E+06	2.7793E-21
6.42E+06	2.7785E-21
6.42E+06	2.7778E-21
6.42E+06	2.7771E-21
6.43E+06	2.7764E-21
6.43E+06	2.7757E-21
6.43E+06	2.7750E-21
6.43E+06	2.7742E-21
6.43E+06	2.7735E-21
6.44E+06	2.7728E-21
6.44E+06	2.7721E-21
6.44E+06	2.7714E-21
6.44E+06	2.7707E-21
6.44E+06	2.7699E-21
6.45E+06	2.7692E-21
6.45E+06	2.7685E-21
6.45E+06	2.7678E-21
6.45E+06	2.7671E-21
6.45E+06	2.7664E-21
6.46E+06	2.7657E-21
6.46E+06	2.7650E-21
6.46E+06	2.7642E-21
6.46E+06	2.7635E-21
6.46E+06	2.7628E-21
6.47E+06	2.7621E-21
6.47E+06	2.7614E-21
6.47E+06	2.7607E-21
6.47E+06	2.7600E-21
6.47E+06	2.7593E-21
6.48E+06	2.7586E-21
6.48E+06	2.7579E-21
6.48E+06	2.7572E-21
6.48E+06	2.7564E-21
6.48E+06	2.7557E-21
6.49E+06	2.7550E-21
6.49E+06	2.7543E-21
6.49E+06	2.7536E-21
6.49E+06	2.7529E-21
6.49E+06	2.7522E-21
6.50E+06	2.7515E-21
6.50E+06	2.7508E-21
6.50E+06	2.7501E-21
6.50E+06	2.7494E-21
6.50E+06	2.7487E-21
6.51E+06	2.7480E-21
6.51E+06	2.7473E-21
6.51E+06	2.7466E-21
6.51E+06	2.7459E-21
6.51E+06	2.7452E-21
6.52E+06	2.7445E-21
6.52E+06	2.7438E-21
6.52E+06	2.7431E-21
6.52E+06	2.7424E-21
6.52E+06	2.7417E-21
6.53E+06	2.7410E-21
6.53E+06	2.7403E-21
6.53E+06	2.7396E-21
6.53E+06	2.7389E-21
6.53E+06	2.7382E-21
6.54E+06	2.7375E-21
6.54E+06	2.7368E-21
6.54E+06	2.7361E-21
6.54E+06	2.7354E-21
6.54E+06	2.7347E-21
6.55E+06	2.7340E-21
6.55E+06	2.7333E-21
6.55E+06	2.7327E-21
6.55E+06	2.7320E-21
6.55E+06	2.7313E-21
6.56E+06	2.7306E-21
6.56E+06	2.7299E-21
6.56E+06	2.7292E-21
6.56E+06	2.7285E-21
6.56E+06	2.7278E-21
6.57E+06	2.7271E-21
6.57E+06	2.7264E-21
6.57E+06	2.7257E-21
6.57E+06	2.7250E-21
6.57E+06	2.7244E-21
6.58E+06	2.7237E-21
6.58E+06	2.7230E-21
6.58E+06	2.7223E-21
6.58E+06	2.7216E-21
6.58E+06	2.7209E-21
6.59E+06	2.7202E-21
6.59E+06	2.7195E-21
6.59E+06	2.7189E-21
6.59E+06	2.7182E-21
6.59E+06	2.7175E-21
6.60E+06	2.7168E-21
6.60E+06	2.7161E-21
6.60E+06	2.7154E-21
6.60E+06	2.7147E-21
6.60E+06	2.7141E-21
6.61E+06	2.7134E-21
6.61E+06	2.7127E-21
6.61E+06	2.7120E-21
6.61E+06	2.7113E-21
6.61E+06	2.7107E-21
6.62E+06	2.7100E-21
6.62E+06	2.7093E-21
6.62E+06	2.7086E-21
6.62E+06	2.7079E-21
6.62E+06	2.7073E-21
6.63E+06	2.7066E-21
6.63E+06	2.7059E-21
6.63E+06	2.7052E-21
6.63E+06	2.7045E-21
6.63E+06	2.7039E-21
6.64E+06	2.7032E-21
6.64E+06	2.7025E-21
6.64E+06	2.7018E-21
6.64E+06	2.7012E-21
6.64E+06	2.7005E-21
6.65E+06	2.6998E-21
6.65E+06	2.6991E-21
6.65E+06	2.6985E-21
6.65E+06	2.6978E-21
6.65E+06	2.6971E-21
6.66E+06	2.6964E-21
6.66E+06	2.6958E-21
6.66E+06	2.6951E-21
6.66E+06	2.6944E-21
6.66E+06	2.6937E-21
6.67E+06	2.6931E-21
6.67E+06	2.6924E-21
6.67E+06	2.6917E-21
6.67E+06	2.6911E-21
6.67E+06	2.6904E-21
6.68E+06	2.6897E-21
6.68E+06	2.6890E-21
6.68E+06	2.6884E-21
6.68E+06	2.6877E-21
6.68E+06	2.6870E-21
6.69E+06	2.6864E-21
6.69E+06	2.6857E-21
6.69E+06	2.6850E-21
6.69E+06	2.6844E-21
6.69E+06	2.6837E-21
6.70E+06	2.6830E-21
6.70E+06	2.6824E-21
6.70E+06	2.6817E-21
6.70E+06	2.6810E-21
6.70E+06	2.6804E-21
6.71E+06	2.6797E-21
6.71E+06	2.6790E-21
6.71E+06	2.6784E-21
6.71E+06	2.6777E-21
6.71E+06	2.6770E-21
6.72E+06	2.6764E-21
6.72E+06	2.6757E-21
6.72E+06	2.6751E-21
6.72E+06	2.6744E-21
6.72E+06	2.6737E-21
6.73E+06	2.6731E-21
6.73E+06	2.6724E-21
6.73E+06	2.6718E-21
6.73E+06	2.6711E-21
6.73E+06	2.6704E-21
6.74E+06	2.6698E-21
6.74E+06	2.6691E-21
6.74E+06	2.6685E-21
6.74E+06	2.6678E-21
6.74E+06	2.6671E-21
6.75E+06	2.6665E-21
6.75E+06	2.6658E-21
6.75E+06	2.6652E-21
6.75E+06	2.6645E-21
6.75E+06	2.6639E-21
6.76E+06	2.6632E-21
6.76E+06	2.6625E-21
6.76E+06	2.6619E-21
6.76E+06	2.6612E-21
6.76E+06	2.6606E-21
6.77E+06	2.6599E-21
6.77E+06	2.6593E-21
6.77E+06	2.6586E-21
6.77E+06	2.6580E-21
6.77E+06	2.6573E-21
6.78E+06	2.6567E-21
6.78E+06	2.6560E-21
6.78E+06	2.6554E-21
6.78E+06	2.6547E-21
6.78E+06	2.6541E-21
6.79E+06	2.6534E-21
6.79E+06	2.6528E-21
6.79E+06	2.6521E-21
6.79E+06	2.6515E-21
6.79E+06	2.6508E-21
6.80E+06	2.6502E-21
6.80E+06	2.6495E-21
6.80E+06	2.6489E-21
6.80E+06	2.6482E-21
6.80E+06	2.6476E-21
6.81E+06	2.6469E-21
6.81E+06	2.6463E-21
6.81E+06	2.6456E-21
6.81E+06	2.6450E-21
6.81E+06	2.6443E-21
6.82E+06	2.6437E-21
6.82E+06	2.6430E-21
6.82E+06	2.6424E-21
6.82E+06	2.6417E-21
6.82E+06	2.6411E-21
6.83E+06	2.6405E-21
6.83E+06	2.6398E-21
6.83E+06	2.6392E-21
6.83E+06	2.6385E-21
6.83E+06	2.6379E-21
6.84E+06	2.6372E-21
6.84E+06	2.6366E-21
6.84E+06	2.6360E-21
6.84E+06	2.6353E-21
6.84E+06	2.6347E-21
6.85E+06	2.6340E-21
6.85E+06	2.6334E-21
6.85E+06	2.6328E-21
6.85E+06	2.6321E-21
6.85E+06	2.6315E-21
6.86E+06	2.6308E-21
6.86E+06	2.6302E-21
6.86E+06	2.6296E-21
6.86E+06	2.6289E-21
6.86E+06	2.6283E-21
6.87E+06	2.6277E-21
6.87E+06	2.6270E-21
6.87E+06	2.6264E-21
6.87E+06	2.6257E-21
6.87E+06	2.6251E-21
6.88E+06	2.6245E-21
6.88E+06	2.6238E-21
6.88E+06	2.6232E-21
6.88E+06	2.6226E-21
6.88E+06	2.6219E-21
6.89E+06	2.6213E-21
6.89E+06	2.6207E-21
6.89E+06	2.6200E-21
6.89E+06	2.6194E-21
6.89E+06	2.6188E-21
6.90E+06	2.6181E-21
6.90E+06	2.6175E-21
6.90E+06	2.6169E-21
6.90E+06	2.6162E-21
6.90E+06	2.6156E-21
6.91E+06	2.6150E-21
6.91E+06	2.6144E-21
6.91E+06	2.6137E-21
6.91E+06	2.6131E-21
6.91E+06	2.6125E-21
6.92E+06	2.6118E-21
6.92E+06	2.6112E-21
6.92E+06	2.6106E-21
6.92E+06	2.6100E-21
6.92E+06	2.6093E-21
6.93E+06	2.6087E-21
6.93E+06	2.6081E-21
6.93E+06	2.6074E-21
6.93E+06	2.6068E-21
6.93E+06	2.6062E-21
6.94E+06	2.6056E-21
6.94E+06	2.6049E-21
6.94E+06	2.6043E-21
6.94E+06	2.6037E-21
6.94E+06	2.6031E-21
6.95E+06	2.6024E-21
6.95E+06	2.6018E-21
6.95E+06	2.6012E-21
6.95E+06	2.6006E-21
6.95E+06	2.6000E-21
6.96E+06	2.5993E-21
6.96E+06	2.5987E-21
6.96E+06	2.5981E-21
6.96E+06	2.5975E-21
6.96E+06	2.5968E-21
6.97E+06	2.5962E-21
6.97E+06	2.5956E-21
6.97E+06	2.5950E-21
6.97E+06	2.5944E-21
6.97E+06	2.5937E-21
6.98E+06	2.5931E-21
6.98E+06	2.5925E-21
6.98E+06	2.5919E-21
6.98E+06	2.5913E-21
6.98E+06	2.5907E-21
6.99E+06	2.5900E-21
6.99E+06	2.5894E-21
6.99E+06	2.5888E-21
6.99E+06	2.5882E-21
6.99E+06	2.5876E-21
7.00E+06	2.5870E-21
7.00E+06	2.5863E-21
7.00E+06	2.5857E-21
7.00E+06	2.5851E-21
7.00E+06	2.5845E-21
7.01E+06	2.5839E-21
7.01E+06	2.5833E-21
7.01E+06	2.5827E-21
7.01E+06	2.5820E-21
7.01E+06	2.5814E-21
7.02E+06	2.5808E-21
7.02E+06	2.5802E-21
7.02E+06	2.5796E-21
7.02E+06	2.5790E-21
7.02E+06	2.5784E-21
7.03E+06	2.5778E-21
7.03E+06	2.5771E-21
7.03E+06	2.5765E-21
7.03E+06	2.5759E-21
7.03E+06	2.5753E-21
7.04E+06	2.5747E-21
7.04E+06	2.5741E-21
7.04E+06	2.5735E-21
7.04E+06	2.5729E-21
7.04E+06	2.5723E-21
7.05E+06	2.5717E-21
7.05E+06	2.5711E-21
7.05E+06	2.5704E-21
7.05E+06	2.5698E-21
7.05E+06	2.5692E-21
7.06E+06	2.5686E-21
7.06E+06	2.5680E-21
7.06E+06	2.5674E-21
7.06E+06	2.5668E-21
7.06E+06	2.5662E-21
7.07E+06	2.5656E-21
7.07E+06	2.5650E-21
7.07E+06	2.5644E-21
7.07E+06	2.5638E-21
7.07E+06	2.5632E-21
7.08E+06	2.5626E-21
7.08E+06	2.5620E-21
7.08E+06	2.5614E-21
7.08E+06	2.5608E-21
7.08E+06	2.5602E-21
7.09E+06	2.5596E-21
7.09E+06	2.5590E-21
7.09E+06	2.5584E-21
7.09E+06	2.5578E-21
7.09E+06	2.5572E-21
7.10E+06	2.5566E-21
7.10E+06	2.5560E-21
7.10E+06	2.5554E-21
7.10E+06	2.5548E-21
7.10E+06	2.5542E-21
7.11E+06	2.5536E-21
7.11E+06	2.5530E-21
7.11E+06	2.5524E-21
7.11E+06	2.5518E-21
7.11E+06	2.5512E-21
7.12E+06	2.5506E-21
7.12E+06	2.5500E-21
7.12E+06	2.5494E-21
7.12E+06	2.5488E-21
7.12E+06	2.5482E-21
7.13E+06	2.5476E-21
7.13E+06	2.5470E-21
7.13E+06	2.5464E-21
7.13E+06	2.5458E-21
7.13E+06	2.5452E-21
7.14E+06	2.5446E-21
7.14E+06	2.5440E-21
7.14E+06	2.5434E-21
7.14E+06	2.5428E-21
7.14E+06	2.5422E-21
7.15E+06	2.5417E-21
7.15E+06	2.5411E-21
7.15E+06	2.5405E-21
7.15E+06	2.5399E-21
7.15E+06	2.5393E-21
7.16E+06	2.5387E-21
7.16E+06	2.5381E-21
7.16E+06	2.5375E-21
7.16E+06	2.5369E-21
7.16E+06	2.5363E-21
7.17E+06	2.5357E-21
7.17E+06	2.5352E-21
7.17E+06	2.5346E-21
7.17E+06	2.5340E-21
7.17E+06	2.5334E-21
7.18E+06	2.5328E-21
7.18E+06	2.5322E-21
7.18E+06	2.5316E-21
7.18E+06	2.5310E-21
7.18E+06	2.5305E-21
7.19E+06	2.5299E-21
7.19E+06	2.5293E-21
7.19E+06	2.5287E-21
7.19E+06	2.5281E-21
7.19E+06	2.5275E-21
7.20E+06	2.5269E-21
7.20E+06	2.5264E-21
7.20E+06	2.5258E-21
7.20E+06	2.5252E-21
7.20E+06	2.5246E-21
7.21E+06	2.5240E-21
7.21E+06	2.5234E-21
7.21E+06	2.5228E-21
7.21E+06	2.5223E-21
7.21E+06	2.5217E-21
7.22E+06	2.5211E-21
7.22E+06	2.5205E-21
7.22E+06	2.5199E-21
7.22E+06	2.5194E-21
7.22E+06	2.5188E-21
7.23E+06	2.5182E-21
7.23E+06	2.5176E-21
7.23E+06	2.5170E-21
7.23E+06	2.5165E-21
7.23E+06	2.5159E-21
7.24E+06	2.5153E-21
7.24E+06	2.5147E-21
7.24E+06	2.5141E-21
7.24E+06	2.5136E-21
7.24E+06	2.5130E-21
7.25E+06	2.5124E-21
7.25E+06	2.5118E-21
7.25E+06	2.5112E-21
7.25E+06	2.5107E-21
7.25E+06	2.5101E-21
7.26E+06	2.5095E-21
7.26E+06	2.5089E-21
7.26E+06	2.5084E-21
7.26E+06	2.5078E-21
7.26E+06	2.5072E-21
7.27E+06	2.5066E-21
7.27E+06	2.5061E-21
7.27E+06	2.5055E-21
7.27E+06	2.5049E-21
7.27E+06	2.5043E-21
7.28E+06	2.5038E-21
7.28E+06	2.5032E-21
7.28E+06	2.5026E-21
7.28E+06	2.5020E-21
7.28E+06	2.5015E-21
7.29E+06	2.5009E-21
7.29E+06	2.5003E-21
7.29E+06	2.4998E-21
7.29E+06	2.4992E-21
7.29E+06	2.4986E-21
7.30E+06	2.4980E-21
7.30E+06	2.4975E-21
7.30E+06	2.4969E-21
7.30E+06	2.4963E-21
7.30E+06	2.4958E-21
7.31E+06	2.4952E-21
7.31E+06	2.4946E-21
7.31E+06	2.4941E-21
7.31E+06	2.4935E-21
7.31E+06	2.4929E-21
7.32E+06	2.4924E-21
7.32E+06	2.4918E-21
7.32E+06	2.4912E-21
7.32E+06	2.4906E-21
7.32E+06	2.4901E-21
7.33E+06	2.4895E-21
7.33E+06	2.4889E-21
7.33E+06	2.4884E-21
7.33E+06	2.4878E-21
7.33E+06	2.4873E-21
7.34E+06	2.4867E-21
7.34E+06	2.4861E-21
7.34E+06	2.4856E-21
7.34E+06	2.4850E-21
7.34E+06	2.4844E-21
7.35E+06	2.4839E-21
7.35E+06	2.4833E-21
7.35E+06	2.4827E-21
7.35E+06	2.4822E-21
7.35E+06	2.4816E-21
7.36E+06	2.4810E-21
7.36E+06	2.4805E-21
7.36E+06	2.4799E-21
7.36E+06	2.4794E-21
7.36E+06	2.4788E-21
7.37E+06	2.4782E-21
7.37E+06	2.4777E-21
7.37E+06	2.4771E-21
7.37E+06	2.4766E-21
7.37E+06	2.4760E-21
7.38E+06	2.4754E-21
7.38E+06	2.4749E-21
7.38E+06	2.4743E-21
7.38E+06	2.4738E-21
7.38E+06	2.4732E-21
7.39E+06	2.4726E-21
7.39E+06	2.4721E-21
7.39E+06	2.4715E-21
7.39E+06	2.4710E-21
7.39E+06	2.4704E-21
7.40E+06	2.4699E-21
7.40E+06	2.4693E-21
7.40E+06	2.4687E-21
7.40E+06	2.4682E-21
7.40E+06	2.4676E-21
7.41E+06	2.4671E-21
7.41E+06	2.4665E-21
7.41E+06	2.4660E-21
7.41E+06	2.4654E-21
7.41E+06	2.4649E-21
7.42E+06	2.4643E-21
7.42E+06	2.4638E-21
7.42E+06	2.4632E-21
7.42E+06	2.4626E-21
7.42E+06	2.4621E-21
7.43E+06	2.4615E-21
7.43E+06	2.4610E-21
7.43E+06	2.4604E-21
7.43E+06	2.4599E-21
7.43E+06	2.4593E-21
7.44E+06	2.4588E-21
7.44E+06	2.4582E-21
7.44E+06	2.4577E-21
7.44E+06	2.4571E-21
7.44E+06	2.4566E-21
7.45E+06	2.4560E-21
7.45E+06	2.4555E-21
7.45E+06	2.4549E-21
7.45E+06	2.4544E-21
7.45E+06	2.4538E-21
7.46E+06	2.4533E-21
7.46E+06	2.4527E-21
7.46E+06	2.4522E-21
7.46E+06	2.4516E-21
7.46E+06	2.4511E-21
7.47E+06	2.4505E-21
7.47E+06	2.4500E-21
7.47E+06	2.4494E-21
7.47E+06	2.4489E-21
7.47E+06	2.4483E-21
7.48E+06	2.4478E-21
7.48E+06	2.4473E-21
7.48E+06	2.4467E-21
7.48E+06	2.4462E-21
7.48E+06	2.4456E-21
7.49E+06	2.4451E-21
7.49E+06	2.4445E-21
7.49E+06	2.4440E-21
7.49E+06	2.4434E-21
7.49E+06	2.4429E-21
7.50E+06	2.4424E-21
7.50E+06	2.4418E-21
7.50E+06	2.4413E-21
7.50E+06	2.4407E-21
7.50E+06	2.4402E-21
7.51E+06	2.4396E-21
7.51E+06	2.4391E-21
7.51E+06	2.4386E-21
7.51E+06	2.4380E-21
7.51E+06	2.4375E-21
7.52E+06	2.4369E-21
7.52E+06	2.4364E-21
7.52E+06	2.4359E-21
7.52E+06	2.4353E-21
7.52E+06	2.4348E-21
7.53E+06	2.4342E-21
7.53E+06	2.4337E-21
7.53E+06	2.4332E-21
7.53E+06	2.4326E-21
7.53E+06	2.4321E-21
7.54E+06	2.4315E-21
7.54E+06	2.4310E-21
7.54E+06	2.4305E-21
7.54E+06	2.4299E-21
7.54E+06	2.4294E-21
7.55E+06	2.4289E-21
7.55E+06	2.4283E-21
7.55E+06	2.4278E-21
7.55E+06	2.4272E-21
7.55E+06	2.4267E-21
7.56E+06	2.4262E-21
7.56E+06	2.4256E-21
7.56E+06	2.4251E-21
7.56E+06	2.4246E-21
7.56E+06	2.4240E-21
7.57E+06	2.4235E-21
7.57E+06	2.4230E-21
7.57E+06	2.4224E-21
7.57E+06	2.4219E-21
7.57E+06	2.4214E-21
7.58E+06	2.4208E-21
7.58E+06	2.4203E-21
7.58E+06	2.4198E-21
7.58E+06	2.4192E-21
7.58E+06	2.4187E-21
7.59E+06	2.4182E-21
7.59E+06	2.4176E-21
7.59E+06	2.4171E-21
7.59E+06	2.4166E-21
7.59E+06	2.4160E-21
7.60E+06	2.4155E-21
7.60E+06	2.4150E-21
7.60E+06	2.4144E-21
7.60E+06	2.4139E-21
7.60E+06	2.4134E-21
7.61E+06	2.4129E-21
7.61E+06	2.4123E-21
7.61E+06	2.4118E-21
7.61E+06	2.4113E-21
7.61E+06	2.4107E-21
7.62E+06	2.4102E-21
7.62E+06	2.4097E-21
7.62E+06	2.4092E-21
7.62E+06	2.4086E-21
7.62E+06	2.4081E-21
7.63E+06	2.4076E-21
7.63E+06	2.4071E-21
7.63E+06	2.4065E-21
7.63E+06	2.4060E-21
7.63E+06	2.4055E-21
7.64E+06	2.4049E-21
7.64E+06	2.4044E-21
7.64E+06	2.4039E-21
7.64E+06	2.4034E-21
7.64E+06	2.4028E-21
7.65E+06	2.4023E-21
7.65E+06	2.4018E-21
7.65E+06	2.4013E-21
7.65E+06	2.4008E-21
7.65E+06	2.4002E-21
7.66E+06	2.3997E-21
7.66E+06	2.3992E-21
7.66E+06	2.3987E-21
7.66E+06	2.3981E-21
7.66E+06	2.3976E-21
7.67E+06	2.3971E-21
7.67E+06	2.3966E-21
7.67E+06	2.3960E-21
7.67E+06	2.3955E-21
7.67E+06	2.3950E-21
7.68E+06	2.3945E-21
7.68E+06	2.3940E-21
7.68E+06	2.3934E-21
7.68E+06	2.3929E-21
7.68E+06	2.3924E-21
7.69E+06	2.3919E-21
7.69E+06	2.3914E-21
7.69E+06	2.3908E-21
7.69E+06	2.3903E-21
7.69E+06	2.3898E-21
7.70E+06	2.3893E-21
7.70E+06	2.3888E-21
7.70E+06	2.3883E-21
7.70E+06	2.3877E-21
7.70E+06	2.3872E-21
7.71E+06	2.3867E-21
7.71E+06	2.3862E-21
7.71E+06	2.3857E-21
7.71E+06	2.3852E-21
7.71E+06	2.3846E-21
7.72E+06	2.3841E-21
7.72E+06	2.3836E-21
7.72E+06	2.3831E-21
7.72E+06	2.3826E-21
7.72E+06	2.3821E-21
7.73E+06	2.3815E-21
7.73E+06	2.3810E-21
7.73E+06	2.3805E-21
7.73E+06	2.3800E-21
7.73E+06	2.3795E-21
7.74E+06	2.3790E-21
7.74E+06	2.3785E-21
7.74E+06	2.3780E-21
7.74E+06	2.3774E-21
7.74E+06	2.3769E-21
7.75E+06	2.3764E-21
7.75E+06	2.3759E-21
7.75E+06	2.3754E-21
7.75E+06	2.3749E-21
7.75E+06	2.3744E-21
7.76E+06	2.3739E-21
7.76E+06	2.3733E-21
7.76E+06	2.3728E-21
7.76E+06	2.3723E-21
7.76E+06	2.3718E-21
7.77E+06	2.3713E-21
7.77E+06	2.3708E-21
7.77E+06	2.3703E-21
7.77E+06	2.3698E-21
7.77E+06	2.3693E-21
7.78E+06	2.3688E-21
7.78E+06	2.3683E-21
7.78E+06	2.3677E-21
7.78E+06	2.3672E-21
7.78E+06	2.3667E-21
7.79E+06	2.3662E-21
7.79E+06	2.3657E-21
7.79E+06	2.3652E-21
7.79E+06	2.3647E-21
7.79E+06	2.3642E-21
7.80E+06	2.3637E-21
7.80E+06	2.3632E-21
7.80E+06	2.3627E-21
7.80E+06	2.3622E-21
7.80E+06	2.3617E-21
7.81E+06	2.3612E-21
7.81E+06	2.3607E-21
7.81E+06	2.3601E-21
7.81E+06	2.3596E-21
7.81E+06	2.3591E-21
7.82E+06	2.3586E-21
7.82E+06	2.3581E-21
7.82E+06	2.3576E-21
7.82E+06	2.3571E-21
7.82E+06	2.3566E-21
7.83E+06	2.3561E-21
7.83E+06	2.3556E-21
7.83E+06	2.3551E-21
7.83E+06	2.3546E-21
7.83E+06	2.3541E-21
7.84E+06	2.3536E-21
7.84E+06	2.3531E-21
7.84E+06	2.3526E-21
7.84E+06	2.3521E-21
7.84E+06	2.3516E-21
7.85E+06	2.3511E-21
7.85E+06	2.3506E-21
7.85E+06	2.3501E-21
7.85E+06	2.3496E-21
7.85E+06	2.3491E-21
7.86E+06	2.3486E-21
7.86E+06	2.3481E-21
7.86E+06	2.3476E-21
7.86E+06	2.3471E-21
7.86E+06	2.3466E-21
7.87E+06	2.3461E-21
7.87E+06	2.3456E-21
7.87E+06	2.3451E-21
7.87E+06	2.3446E-21
7.87E+06	2.3441E-21
7.88E+06	2.3436E-21
7.88E+06	2.3431E-21
7.88E+06	2.3426E-21
7.88E+06	2.3421E-21
7.88E+06	2.3416E-21
7.89E+06	2.3411E-21
7.89E+06	2.3406E-21
7.89E+06	2.3402E-21
7.89E+06	2.3397E-21
7.89E+06	2.3392E-21
7.90E+06	2.3387E-21
7.90E+06	2.3382E-21
7.90E+06	2.3377E-21
7.90E+06	2.3372E-21
7.90E+06	2.3367E-21
7.91E+06	2.3362E-21
7.91E+06	2.3357E-21
7.91E+06	2.3352E-21
7.91E+06	2.3347E-21
7.91E+06	2.3342E-21
7.92E+06	2.3337E-21
7.92E+06	2.3332E-21
7.92E+06	2.3327E-21
7.92E+06	2.3323E-21
7.92E+06	2.3318E-21
7.93E+06	2.3313E-21
7.93E+06	2.3308E-21
7.93E+06	2.3303E-21
7.93E+06	2.3298E-21
7.93E+06	2.3293E-21
7.94E+06	2.3288E-21
7.94E+06	2.3283E-21
7.94E+06	2.3278E-21
7.94E+06	2.3274E-21
7.94E+06	2.3269E-21
7.95E+06	2.3264E-21
7.95E+06	2.3259E-21
7.95E+06	2.3254E-21
7.95E+06	2.3249E-21
7.95E+06	2.3244E-21
7.96E+06	2.3239E-21
7.96E+06	2.3234E-21
7.96E+06	2.3230E-21
7.96E+06	2.3225E-21
7.96E+06	2.3220E-21
7.97E+06	2.3215E-21
7.97E+06	2.3210E-21
7.97E+06	2.3205E-21
7.97E+06	2.3200E-21
7.97E+06	2.3195E-21
7.98E+06	2.3191E-21
7.98E+06	2.3186E-21
7.98E+06	2.3181E-21
7.98E+06	2.3176E-21
7.98E+06	2.3171E-21
7.99E+06	2.3166E-21
7.99E+06	2.3162E-21
7.99E+06	2.3157E-21
7.99E+06	2.3152E-21
7.99E+06	2.3147E-21
8.00E+06	2.3142E-21
8.00E+06	2.3137E-21
8.00E+06	2.3133E-21